encoder 695268 0.000000 0.000000 0.000000 0.000000 0.000000
imu 695271 -0.015941 0.008601 -0.091267
encoder 695318 0.000000 0.000000 0.000000 0.000000 0.000000
imu 695321 -0.009593 0.012019 0.015603
encoder 695368 0.000000 0.000000 0.000000 0.000000 0.000000
imu 695371 -0.003978 0.009089 -0.030199
encoder 695418 0.000000 0.000000 0.000000 0.000000 0.000000
imu 695421 -0.006908 0.012507 0.107206
encoder 695468 0.000000 0.000000 0.000000 0.000000 0.000000
imu 695471 -0.015941 0.011042 0.168275
encoder 695518 0.000000 0.000000 0.000000 0.000000 0.000000
imu 695521 -0.014720 0.012751 -0.030199
encoder 695568 0.000000 0.000000 0.000000 0.000000 0.000000
imu 695571 -0.008861 0.002742 -0.076000
encoder 695618 0.000000 0.000000 0.000000 0.000000 0.000000
imu 695621 -0.007884 0.013240 -0.198137
encoder 695668 0.000000 0.000000 0.000000 0.000000 0.000000
imu 695669 -0.005748 0.001460 4.305679
encoder 695718 0.000000 0.000000 0.000000 0.000000 0.000000
imu 695720 -0.010814 0.013728 0.076672
encoder 695768 0.000000 0.000000 0.000000 0.000000 0.000000
imu 695771 -0.010814 0.010554 -0.152336
encoder 695818 0.000000 0.000000 0.000000 0.000000 0.000000
imu 695821 -0.011791 0.008845 -0.091267
encoder 695868 0.000000 0.000000 0.000000 0.000000 0.000000
imu 695871 -0.009837 0.008845 -0.076000
encoder 695918 0.000000 0.000000 0.000000 0.000000 0.000000
imu 695920 -0.012523 0.014705 0.107206
encoder 695968 0.000000 0.000000 0.000000 0.000000 0.000000
imu 695971 -0.011058 0.010066 -0.091267
encoder 696018 0.000000 0.000000 0.000000 0.000000 0.000000
imu 696021 -0.017650 0.004207 0.061405
encoder 696068 0.000000 0.000000 0.000000 0.000000 0.000000
imu 696071 -0.013500 0.009822 -0.045465
encoder 696118 0.000000 0.000000 0.000000 0.000000 0.000000
imu 696121 -0.010326 0.006404 0.153008
encoder 696168 0.006104 0.000305 -0.001256 -4.000000 2.857143
imu 696171 -0.009593 0.009578 -0.045465
encoder 696218 0.017294 0.000865 0.001256 -9.142858 10.285714
imu 696221 0.011891 -0.027043 3.221710
encoder 696268 0.024415 0.001221 0.005024 -11.428572 16.000000
imu 696271 -0.036693 0.067439 6.397283
encoder 696318 0.031027 0.001551 0.008163 -13.714286 21.142857
imu 696321 0.010426 0.045955 12.290413
encoder 696368 0.037639 0.001882 0.008791 -17.142857 25.142857
imu 696371 -0.022289 -0.038274 10.183542
encoder 696418 0.041708 0.002136 0.007535 -20.000000 26.857143
imu 696421 -0.026927 0.038875 6.382015
encoder 696468 0.046286 0.002340 0.005024 -23.428572 28.571428
imu 696471 0.017262 0.007625 4.794229
encoder 696518 0.049338 0.002467 0.004396 -25.714285 29.714285
imu 696521 0.008229 0.017390 5.221710
encoder 696568 0.050864 0.002569 0.003140 -26.857143 30.285715
imu 696571 -0.039134 0.027888 -0.213405
encoder 696619 0.051881 0.002594 0.003140 -28.000000 30.285715
imu 696622 -0.090404 0.001033 2.473619
encoder 696668 0.051373 0.002594 0.002512 -27.428572 30.285715
imu 696671 -0.000316 0.070857 8.015603
encoder 696718 0.052390 0.002619 0.003140 -28.000000 30.857143
imu 696721 -0.022044 0.042537 7.633924
encoder 696768 0.052898 0.002645 0.002512 -28.571428 30.857143
imu 696771 0.104420 -0.013616 3.359115
encoder 696818 0.052898 0.002670 0.003140 -28.571428 30.857143
imu 696821 -0.017406 0.058894 3.328580
encoder 696868 0.052898 0.002696 0.002512 -28.571428 30.857143
imu 696871 0.062184 0.012019 3.649191
encoder 696918 0.052898 0.002645 0.002512 -28.571428 30.857143
imu 696921 0.038502 0.018855 2.565222
encoder 696968 0.052898 0.002645 0.002512 -28.571428 30.857143
imu 696971 0.017506 0.018611 2.412550
encoder 697018 0.052898 0.002670 0.003140 -28.571428 30.857143
imu 697021 0.010915 0.036189 5.130107
encoder 697068 0.052898 0.002645 0.001884 -28.571428 30.857143
imu 697071 0.031178 0.026667 4.137741
encoder 697118 0.051881 0.002645 0.002512 -28.000000 30.285715
imu 697121 -0.099925 0.061580 1.969802
encoder 697168 0.052898 0.002645 0.002512 -28.571428 30.857143
imu 697171 -0.095531 0.047175 1.420183
encoder 697218 0.052898 0.002670 0.003140 -28.571428 30.857143
imu 697221 0.001881 -0.030950 6.595756
encoder 697268 0.052898 0.002645 0.002512 -28.571428 30.857143
imu 697271 -0.074779 -0.002141 1.985069
encoder 697318 0.052390 0.002670 0.003140 -28.000000 30.857143
imu 697321 -0.104320 0.004451 0.320947
encoder 697368 0.052898 0.002645 0.002512 -28.571428 30.857143
imu 697371 -0.040111 0.023982 1.359115
encoder 697418 0.052898 0.002645 0.002512 -28.571428 30.857143
imu 697421 -0.082591 0.022517 5.450718
encoder 697468 0.052898 0.002645 0.003140 -28.571428 30.857143
imu 697471 -0.058910 0.007625 2.214077
encoder 697518 0.052390 0.002670 0.001884 -28.571428 30.285715
imu 697521 -0.101146 0.028376 1.679725
encoder 697568 0.052898 0.002645 0.002512 -28.571428 30.857143
imu 697571 -0.097728 0.031306 8.702626
encoder 697618 0.053407 0.002670 0.003140 -28.571428 31.428572
imu 697621 0.014333 -0.046819 1.878199
encoder 697668 0.052898 0.002670 0.001884 -28.571428 30.857143
imu 697671 -0.034740 -0.084905 -0.320275
encoder 697718 0.052898 0.002645 0.002512 -28.571428 30.857143
imu 697721 0.009206 0.057917 3.725527
encoder 697768 0.052898 0.002645 0.001884 -28.571428 30.857143
imu 697771 0.022877 0.026667 8.794230
encoder 697818 0.052898 0.002645 0.002512 -28.571428 30.857143
imu 697821 -0.041820 0.040828 5.069038
encoder 697868 0.052898 0.002645 0.002512 -28.571428 30.857143
imu 697871 -0.028148 0.057673 3.252244
encoder 697918 0.052898 0.002645 0.002512 -28.571428 30.857143
imu 697921 -0.029369 -0.027043 2.778962
encoder 697968 0.053407 0.002670 0.001884 -29.142857 30.857143
imu 697971 -0.016429 0.017634 -0.442412
encoder 698018 0.052898 0.002645 0.002512 -28.571428 30.857143
imu 698021 0.027028 0.006648 3.679725
encoder 698068 0.052390 0.002670 0.001884 -28.571428 30.285715
imu 698071 -0.117259 0.015437 -0.014931
encoder 698118 0.052898 0.002645 0.002512 -28.571428 30.857143
imu 698121 -0.094554 0.055476 5.771328
encoder 698168 0.052898 0.002645 0.002512 -28.571428 30.857143
imu 698171 0.076833 -0.056096 9.542320
encoder 698218 0.052898 0.002645 0.002512 -28.571428 30.857143
imu 698221 0.024831 -0.010930 0.443084
encoder 698268 0.053407 0.002696 0.002512 -29.142857 30.857143
imu 698271 0.092702 -0.038518 -5.495847
encoder 698318 0.052898 0.002670 0.001884 -28.571428 30.857143
imu 698321 -0.077708 -0.008000 3.084306
encoder 698368 0.052898 0.002645 0.002512 -28.571428 30.857143
imu 698371 -0.011546 0.005183 4.305679
encoder 698418 0.052898 0.002645 0.002512 -28.571428 30.857143
imu 698421 -0.090648 -0.042180 -1.984397
encoder 698468 0.052898 0.002645 0.002512 -28.571428 30.857143
imu 698471 -0.051585 0.012019 5.740794
encoder 698518 0.052898 0.002645 0.001884 -28.571428 30.857143
imu 698521 -0.010326 0.001765 6.015603
encoder 698568 0.052898 0.002670 0.003140 -28.571428 30.857143
imu 698571 -0.019115 -0.011174 0.443084
encoder 698618 0.052898 0.002670 0.001884 -28.571428 30.857143
imu 698621 0.008473 0.057673 2.168275
encoder 698668 0.052898 0.002645 0.002512 -28.571428 30.857143
imu 698671 -0.034984 -0.046086 9.542320
encoder 698718 0.052898 0.002645 0.002512 -28.571428 30.857143
imu 698721 -0.011302 0.074275 0.641557
encoder 698768 0.052898 0.002645 0.001884 -28.571428 30.857143
imu 698771 -0.008373 0.019587 1.130107
encoder 698818 0.052390 0.002645 0.002512 -28.000000 30.857143
imu 698821 -0.012279 -0.003362 2.229344
encoder 698868 0.052390 0.002645 0.002512 -28.000000 30.857143
imu 698871 -0.034496 0.014705 2.244611
encoder 698918 0.052898 0.002645 0.002512 -28.571428 30.857143
imu 698921 0.105397 0.033503 8.534687
encoder 698968 0.052898 0.002670 0.002512 -28.571428 30.857143
imu 698971 0.042409 0.120417 -0.854626
encoder 699018 0.052898 0.002645 0.002512 -28.571428 30.857143
imu 699021 -0.042064 -0.019231 1.862931
encoder 699068 0.052898 0.002670 0.003140 -28.571428 30.857143
imu 699071 0.096608 0.093806 3.832397
encoder 699118 0.052898 0.002670 0.001884 -28.571428 30.857143
imu 699121 0.007741 0.017390 0.946901
encoder 699168 0.052898 0.002645 0.002512 -28.571428 30.857143
imu 699171 0.030202 0.014216 -0.137069
encoder 699218 0.052898 0.002696 0.002512 -28.571428 30.857143
imu 699221 -0.033763 0.103572 8.824763
encoder 699268 0.052898 0.002670 0.003140 -28.571428 30.857143
imu 699271 0.028981 0.007380 2.885832
encoder 699318 0.052898 0.002670 0.001884 -28.571428 30.857143
imu 699321 -0.073070 -0.018743 -3.327908
encoder 699368 0.052898 0.002645 0.003140 -28.571428 30.857143
imu 699371 0.060963 0.031062 1.633924
encoder 699418 0.053407 0.002670 0.001884 -29.142857 30.857143
imu 699421 -0.027171 -0.024846 4.244611
encoder 699468 0.052898 0.002645 0.003140 -28.571428 30.857143
imu 699471 -0.038646 -0.036077 2.687359
encoder 699518 0.052898 0.002670 0.001884 -28.571428 30.857143
imu 699521 -0.050365 0.020564 -0.992031
encoder 699568 0.052898 0.002645 0.001884 -28.571428 30.857143
imu 699571 -0.028148 0.031550 4.534687
encoder 699618 0.052898 0.002645 0.003140 -28.571428 30.857143
imu 699621 -0.029125 0.009089 6.030870
encoder 699668 0.052390 0.002645 0.001884 -28.571428 30.285715
imu 699671 0.016530 -0.008977 -1.801191
encoder 699718 0.052390 0.002645 0.002512 -28.571428 30.285715
imu 699721 -0.015208 0.031550 0.015603
encoder 699768 0.052898 0.002670 0.001884 -29.142857 30.285715
imu 699771 0.048024 0.015925 5.496519
encoder 699818 0.052390 0.002645 0.001884 -28.571428 30.285715
imu 699821 -0.001048 0.027644 2.412550
encoder 699868 0.052390 0.002619 0.001884 -28.571428 30.285715
imu 699871 0.080006 -0.002629 1.007970
encoder 699918 0.053407 0.002670 0.001884 -29.142857 30.857143
imu 699921 0.016530 0.040095 7.069038
encoder 699968 0.052898 0.002645 0.002512 -28.571428 30.857143
imu 699971 0.136891 -0.001409 2.870565
encoder 700018 0.052898 0.002670 0.001884 -28.571428 30.857143
imu 700021 0.018971 0.015437 5.252244
encoder 700068 0.052898 0.002645 0.002512 -28.571428 30.857143
imu 700071 -0.057689 0.082820 0.977435
encoder 700118 0.052898 0.002670 0.001884 -28.571428 30.857143
imu 700121 0.008473 0.057429 4.855298
encoder 700168 0.052898 0.002645 0.002512 -28.571428 30.857143
imu 700171 0.033375 0.111628 6.458351
encoder 700218 0.052898 0.002670 0.003140 -28.571428 30.857143
imu 700221 0.103200 0.054988 -0.396611
encoder 700268 0.052898 0.002645 0.002512 -28.571428 30.857143
imu 700271 0.027028 0.015681 -0.335542
encoder 700318 0.052898 0.002670 0.001884 -28.571428 30.857143
imu 700321 0.005788 -0.034368 6.427817
encoder 700368 0.052390 0.002645 0.002512 -28.571428 30.285715
imu 700371 0.144704 0.010798 5.359115
encoder 700418 0.052390 0.002619 0.001884 -28.571428 30.285715
imu 700421 0.054860 0.056208 -3.709588
encoder 700468 0.052898 0.002670 0.001884 -28.571428 30.857143
imu 700471 -0.029857 0.029353 2.946901
encoder 700518 0.052898 0.002645 0.002512 -28.571428 30.857143
imu 700521 -0.007640 -0.008489 0.809496
encoder 700568 0.052898 0.002645 0.002512 -28.571428 30.857143
imu 700571 0.075612 -0.024358 1.007970
encoder 700618 0.053407 0.002670 0.001884 -29.142857 30.857143
imu 700621 0.036793 0.102839 3.267512
encoder 700668 0.053407 0.002696 0.002512 -29.142857 30.857143
imu 700671 0.027272 0.045222 8.427816
encoder 700718 0.052898 0.002645 0.002512 -28.571428 30.857143
imu 700721 0.001637 0.004695 3.084306
encoder 700768 0.052898 0.002645 0.002512 -28.571428 30.857143
imu 700771 -0.113841 -0.029485 0.382015
encoder 700818 0.052898 0.002696 0.002512 -28.571428 30.857143
imu 700821 -0.132152 -0.022405 0.107206
encoder 700868 0.052898 0.002645 0.002512 -28.571428 30.857143
imu 700872 -0.037669 -0.011174 8.748427
encoder 700918 0.052898 0.002670 0.001884 -28.571428 30.857143
imu 700921 -0.025707 -0.082463 9.481253
encoder 700968 0.052898 0.002670 0.003140 -28.571428 30.857143
imu 700971 0.126393 0.086238 3.175909
encoder 701018 0.053407 0.002670 0.001884 -29.142857 30.857143
imu 701021 -0.049876 -0.020696 6.733160
encoder 701068 0.052898 0.002645 0.002512 -28.571428 30.857143
imu 701071 -0.015941 0.060359 3.435451
encoder 701118 0.053407 0.002670 0.001884 -29.142857 30.857143
imu 701121 0.086110 -0.042180 2.534687
encoder 701168 0.052898 0.002670 0.001884 -28.571428 30.857143
imu 701171 -0.014232 0.052791 1.023237
encoder 701218 0.052898 0.002670 0.003140 -28.571428 30.857143
imu 701221 -0.032054 0.079402 1.969802
encoder 701268 0.052898 0.002670 0.001884 -28.571428 30.857143
imu 701271 0.115651 0.003962 4.168275
encoder 701318 0.052898 0.002670 0.003140 -28.571428 30.857143
imu 701321 -0.025707 0.068660 1.175909
encoder 701368 0.053407 0.002670 0.001884 -29.142857 30.857143
imu 701371 -0.052806 -0.089055 2.046138
encoder 701418 0.052898 0.002696 0.002512 -28.571428 30.857143
imu 701421 0.070485 0.098933 7.343847
encoder 701468 0.052898 0.002670 0.001884 -28.571428 30.857143
imu 701471 0.032155 -0.096624 4.580489
encoder 701518 0.052898 0.002645 0.002512 -28.571428 30.857143
imu 701521 -0.149486 -0.030217 -1.450046
encoder 701568 0.052898 0.002670 0.001884 -28.571428 30.857143
imu 701571 -0.019115 -0.009954 2.015603
encoder 701618 0.052898 0.002645 0.001884 -28.571428 30.857143
imu 701621 0.031911 -0.102483 1.847664
encoder 701668 0.052898 0.002645 0.003140 -28.571428 30.857143
imu 701671 0.011647 0.048152 -4.732489
encoder 701718 0.052898 0.002645 0.001256 -29.142857 30.285715
imu 701721 0.028981 0.037654 3.771328
encoder 701768 0.052898 0.002670 0.001884 -28.571428 30.857143
imu 701771 -0.018382 0.051570 6.183542
encoder 701818 0.052390 0.002645 0.002512 -28.571428 30.285715
imu 701821 0.039967 0.000056 -0.930962
encoder 701868 0.052390 0.002645 0.002512 -28.571428 30.285715
imu 701871 -0.130687 0.038875 -1.755389
encoder 701918 0.052898 0.002645 0.001884 -29.142857 30.285715
imu 701921 0.099049 -0.115178 2.214077
encoder 701968 0.052390 0.002619 0.001884 -28.571428 30.285715
imu 701971 0.035817 0.100398 -0.656153
encoder 702018 0.053407 0.002670 0.001884 -29.142857 30.857143
imu 702021 0.014821 0.031550 5.007970
encoder 702068 0.052898 0.002645 0.002512 -28.571428 30.857143
imu 702071 0.029469 0.033015 -2.243939
encoder 702118 0.053407 0.002670 0.001884 -29.142857 30.857143
imu 702121 0.019948 -0.004338 2.733160
encoder 702168 0.052898 0.002645 0.002512 -28.571428 30.857143
imu 702171 0.053395 0.048884 5.771328
encoder 702218 0.052898 0.002670 0.001884 -28.571428 30.857143
imu 702221 -0.046703 -0.028508 -1.556916
encoder 702268 0.052898 0.002670 0.003140 -28.571428 30.857143
imu 702271 0.044606 0.001521 2.458351
encoder 702318 0.002035 0.002340 0.002512 -24.571428 26.857143
imu 702321 0.052418 -0.023381 5.099573
encoder 702368 0.002543 0.001500 0.003140 -15.428572 18.285715
imu 702371 -0.033275 -0.000676 2.901099
encoder 702418 0.003052 0.000814 0.003768 -7.428571 10.857142
imu 702421 -0.037425 0.012263 4.275145
encoder 702468 0.002035 0.000153 0.002512 -0.571429 2.857143
imu 702471 -0.007884 0.012996 0.351481
encoder 702518 0.000000 0.000000 0.000000 0.000000 0.000000
imu 702521 -0.011058 0.004695 -0.060733
encoder 702568 0.000000 0.000000 0.000000 0.000000 0.000000
imu 702571 -0.007640 0.009089 -0.167603
encoder 702618 0.000000 0.000000 0.000000 0.000000 0.000000
imu 702621 -0.008617 0.004207 -0.030199
encoder 702668 0.000000 0.000000 0.000000 0.000000 0.000000
imu 702671 -0.006175 0.014216 -0.106534
encoder 702718 0.000000 0.000000 0.000000 0.000000 0.000000
imu 702721 -0.007152 0.004939 0.000336
encoder 702768 0.000000 0.000000 0.000000 0.000000 0.000000
imu 702771 -0.018871 0.010554 -0.045465
encoder 702818 -0.008647 0.000432 -0.010675 -9.714286 0.000000
imu 702821 -0.016673 0.011042 -22.228672
encoder 702868 -0.018820 0.000941 -0.023234 -21.142857 0.000000
imu 702871 -0.028392 0.006648 -32.137070
encoder 702918 -0.022380 0.001144 -0.028258 -25.142857 0.000000
imu 702921 -0.034496 -0.015813 -31.953865
encoder 702968 -0.023906 0.001195 -0.029514 -26.857143 0.000000
imu 702971 -0.036449 -0.003850 -33.251572
encoder 703018 -0.024923 0.001272 -0.031397 -28.000000 0.000000
imu 703021 0.013844 -0.046086 -36.396610
encoder 703068 -0.024923 0.001272 -0.031397 -28.000000 0.000000
imu 703072 0.000905 -0.035833 -35.037834
encoder 703118 -0.025432 0.001272 -0.031397 -28.571428 0.000000
imu 703121 -0.097972 0.000544 -35.923328
encoder 703168 -0.025941 0.001297 -0.032025 -29.142857 0.000000
imu 703171 0.060475 0.027888 -37.770657
encoder 703218 -0.025941 0.001322 -0.032653 -29.142857 0.000000
imu 703221 -0.015697 0.017390 -38.060734
encoder 703268 -0.025941 0.001297 -0.032025 -29.142857 0.000000
imu 703271 -0.053539 -0.006536 -36.198139
encoder 703318 -0.025941 0.001297 -0.032653 -29.142857 0.000000
imu 703321 0.109547 0.058650 -38.992031
encoder 703368 -0.025941 0.001297 -0.032025 -29.142857 0.000000
imu 703371 0.009694 0.021052 -36.518749
encoder 703418 -0.025941 0.001297 -0.032025 -29.142857 0.000000
imu 703420 -0.061107 -0.031682 -35.740124
encoder 703468 -0.025941 0.001322 -0.032653 -29.142857 0.000000
imu 703471 -0.037914 0.017390 -40.076000
encoder 703518 -0.025941 0.001297 -0.032025 -29.142857 0.000000
imu 703521 -0.014476 -0.022405 -34.656155
encoder 703568 -0.025941 0.001322 -0.032653 -29.142857 0.000000
imu 703571 0.030202 -0.001653 -38.091267
encoder 703618 -0.025941 0.001297 -0.032025 -29.142857 0.000000
imu 703621 0.018239 -0.029729 -38.640888
encoder 703668 -0.025941 0.001322 -0.032653 -29.142857 0.000000
imu 703671 -0.021068 0.026423 -35.221039
encoder 703718 -0.025941 0.001297 -0.032025 -29.142857 0.000000
imu 703721 0.001149 0.005916 -35.327908
encoder 703768 -0.025941 0.001322 -0.032653 -29.142857 0.000000
imu 703771 0.027516 -0.015569 -38.060734
encoder 703818 -0.025941 0.001297 -0.032025 -29.142857 0.000000
imu 703821 -0.060375 -0.019963 -35.373711
encoder 703868 -0.026449 0.001322 -0.032653 -29.714285 0.000000
imu 703871 -0.054271 -0.008245 -37.740124
encoder 703918 -0.026449 0.001322 -0.032653 -29.714285 0.000000
imu 703921 -0.063548 0.003962 -35.312641
encoder 703968 -0.022380 0.001119 -0.027630 -25.142857 0.000000
imu 703971 -0.043773 0.009089 -28.091267
encoder 704018 -0.014242 0.000712 -0.017583 -16.000000 0.000000
imu 704021 -0.053050 0.010554 -14.289741
encoder 704068 -0.006612 0.000331 -0.008163 -7.428571 0.000000
imu 704071 -0.027416 0.006404 -4.213405
encoder 704118 -0.000509 0.000025 -0.000628 -0.571429 0.000000
imu 704121 -0.002025 0.013240 0.153008
encoder 704168 0.000000 0.000000 0.000000 0.000000 0.000000
imu 704171 -0.015453 0.011775 -0.014931
encoder 704218 0.000000 0.000000 0.000000 0.000000 0.000000
imu 704221 -0.015941 0.004695 0.061405
encoder 704268 0.000000 0.000000 0.000000 0.000000 0.000000
imu 704271 -0.012279 0.014216 0.336214
encoder 704318 0.007121 0.000356 0.000000 -4.000000 4.000000
imu 704321 0.008961 0.003474 -0.106534
encoder 704368 0.016276 0.000814 0.001256 -8.571428 9.714286
imu 704371 0.033375 -0.004338 5.893466
encoder 704418 0.024415 0.001221 0.005024 -11.428572 16.000000
imu 704421 -0.021800 0.041560 3.298046
encoder 704468 0.030518 0.001526 0.007535 -13.714286 20.571428
imu 704471 -0.021556 0.023250 9.252245
encoder 704518 0.036622 0.001831 0.009419 -16.571428 24.571428
imu 704521 0.006032 -0.008733 9.633924
encoder 704568 0.041708 0.002111 0.006907 -20.000000 26.857143
imu 704571 -0.051830 -0.017522 9.145374
encoder 704618 0.046286 0.002340 0.005024 -23.428572 28.571428
imu 704621 -0.102123 0.009578 7.099573
encoder 704668 0.048829 0.002467 0.004396 -25.714285 29.142857
imu 704671 0.043385 -0.005559 1.588122
encoder 704718 0.050864 0.002569 0.003140 -27.428572 29.714285
imu 704721 -0.090404 0.038630 0.046137
encoder 704768 0.051373 0.002594 0.002512 -28.000000 29.714285
imu 704771 0.062917 -0.043401 5.618657
encoder 704818 0.051881 0.002619 0.001884 -28.000000 30.285715
imu 704821 -0.021556 -0.044622 -0.106534
encoder 704868 0.052390 0.002619 0.003140 -28.000000 30.857143
imu 704871 -0.071117 0.070369 3.069038
encoder 704918 0.052898 0.002645 0.002512 -28.571428 30.857143
imu 704921 -0.011791 0.072810 10.412550
encoder 704968 0.052898 0.002670 0.001884 -28.571428 30.857143
imu 704971 -0.002269 0.062068 4.458351
encoder 705018 0.052898 0.002645 0.002512 -28.571428 30.857143
imu 705021 0.005055 -0.066106 -0.350809
encoder 705068 0.052898 0.002696 0.002512 -28.571428 30.857143
imu 705071 -0.037914 0.009333 2.244611
encoder 705118 0.052898 0.002645 0.002512 -28.571428 30.857143
imu 705121 -0.067455 -0.051946 6.076672
encoder 705168 0.052898 0.002645 0.002512 -28.571428 30.857143
imu 705171 0.030446 -0.027776 1.114840
encoder 705218 0.052898 0.002670 0.001884 -28.571428 30.857143
imu 705221 -0.054759 0.037410 5.389649
encoder 705268 0.053407 0.002670 0.003140 -28.571428 31.428572
imu 705271 -0.039134 0.081355 2.382015
encoder 705318 0.053916 0.002696 0.002512 -29.142857 31.428572
imu 705321 0.052418 0.011531 1.328580
encoder 705368 0.052898 0.002696 0.002512 -28.571428 30.857143
imu 705371 0.056813 0.065486 1.130107
encoder 705418 0.052898 0.002645 0.001884 -28.571428 30.857143
imu 705421 -0.052562 -0.021917 1.527054
encoder 705468 0.053407 0.002670 0.003140 -28.571428 31.428572
imu 705471 0.090504 0.113093 2.473619
encoder 705518 0.053407 0.002670 0.001884 -29.142857 30.857143
imu 705521 -0.005443 -0.036565 5.710259
encoder 705568 0.052898 0.002645 0.001884 -28.571428 30.857143
imu 705571 -0.031566 -0.000188 3.542321
encoder 705618 0.052898 0.002645 0.002512 -28.571428 30.857143
imu 705621 -0.044750 0.028621 0.076672
encoder 705668 0.052898 0.002670 0.001884 -28.571428 30.857143
imu 705671 -0.020824 0.014705 6.091939
encoder 705718 0.052898 0.002670 0.001884 -28.571428 30.857143
imu 705721 0.003102 -0.033147 3.343848
encoder 705768 0.052390 0.002645 0.002512 -28.571428 30.285715
imu 705771 0.004079 0.057185 -1.572183
encoder 705818 0.052898 0.002670 0.001884 -29.142857 30.285715
imu 705821 0.042409 0.034480 2.611023
encoder 705868 0.052390 0.002670 0.001884 -28.571428 30.285715
imu 705871 -0.038402 -0.111028 3.924000
encoder 705918 0.052390 0.002619 0.002512 -28.571428 30.285715
imu 705921 0.018483 -0.099309 2.168275
encoder 705968 0.052898 0.002645 0.001256 -29.142857 30.285715
imu 705971 -0.076976 0.028621 0.870565
encoder 706018 0.052898 0.002645 0.001884 -28.571428 30.857143
imu 706021 -0.042064 -0.008977 5.404916
encoder 706068 0.052898 0.002670 0.003140 -28.571428 30.857143
imu 706071 -0.068187 -0.026311 3.481252
encoder 706118 0.052390 0.002670 0.001884 -28.571428 30.285715
imu 706121 -0.041332 -0.026067 2.107206
encoder 706168 0.052390 0.002645 0.002512 -28.571428 30.285715
imu 706171 0.095387 0.125544 3.175909
encoder 706218 0.052390 0.002619 0.001884 -28.571428 30.285715
imu 706221 -0.094798 -0.025334 3.221710
encoder 706268 0.051881 0.002594 0.002512 -28.000000 30.285715
imu 706271 0.059010 -0.051213 1.420183
encoder 706318 0.051881 0.002594 0.002512 -28.000000 30.285715
imu 706321 -0.028148 -0.018743 3.359115
encoder 706368 0.051881 0.002594 0.002512 -28.000000 30.285715
imu 706371 -0.028636 0.020320 6.168275
encoder 706418 0.052898 0.002645 0.002512 -28.571428 30.857143
imu 706421 0.034596 0.039851 6.153008
encoder 706468 0.052898 0.002645 0.002512 -28.571428 30.857143
imu 706471 -0.106029 -0.098821 0.977435
encoder 706518 0.052898 0.002670 0.001884 -28.571428 30.857143
imu 706521 0.029225 -0.112737 4.183542
encoder 706568 0.052390 0.002645 0.001884 -28.571428 30.285715
imu 706571 -0.144359 0.053523 4.427817
encoder 706618 0.002035 0.002314 0.003140 -24.571428 26.857143
imu 706621 -0.101634 0.010798 -0.152336
encoder 706668 0.002543 0.001551 0.003140 -16.000000 18.857143
imu 706671 -0.016917 0.023738 5.710259
encoder 706718 0.003560 0.000839 0.004396 -7.428571 11.428572
imu 706721 -0.042796 0.002009 4.962168
encoder 706768 0.002035 0.000153 0.002512 -0.571429 2.857143
imu 706771 -0.006664 0.006160 0.809496
encoder 706818 0.000000 0.000000 0.000000 0.000000 0.000000
imu 706821 -0.005199 0.006404 0.000336
encoder 706868 0.000000 0.000000 0.000000 0.000000 0.000000
imu 706871 -0.007152 0.008601 0.000336
encoder 706918 0.000000 0.000000 0.000000 0.000000 0.000000
imu 706921 -0.003978 0.015925 -0.076000
encoder 706968 0.000000 0.000000 0.000000 0.000000 0.000000
imu 706971 -0.013988 0.009578 0.153008
encoder 707018 0.000000 0.000000 0.000000 0.000000 0.000000
imu 707021 -0.004222 0.005916 -0.137069
encoder 707068 0.000000 0.000000 0.000000 0.000000 0.000000
imu 707071 -0.009593 0.005671 -0.182870
encoder 707118 -0.008138 0.000407 -0.010047 -9.142858 0.000000
imu 707121 0.047780 0.012019 -20.457680
encoder 707168 -0.018820 0.000941 -0.023234 -21.142857 0.000000
imu 707171 0.043874 0.022029 -26.793556
encoder 707218 -0.021871 0.001119 -0.027630 -24.571428 0.000000
imu 707221 -0.065257 -0.052190 -34.869892
encoder 707268 -0.023906 0.001195 -0.029514 -26.857143 0.000000
imu 707271 0.015309 0.029841 -34.503483
encoder 707318 -0.024923 0.001246 -0.030770 -28.000000 0.000000
imu 707321 -0.017894 0.012507 -33.037834
encoder 707368 -0.025432 0.001272 -0.031397 -28.571428 0.000000
imu 707371 -0.069408 0.031306 -35.098900
encoder 707418 -0.025941 0.001297 -0.032025 -29.142857 0.000000
imu 707421 0.018971 0.008601 -36.930962
encoder 707468 -0.025941 0.001297 -0.032025 -29.142857 0.000000
imu 707471 -0.022777 0.016414 -33.572186
encoder 707518 -0.025941 0.001297 -0.032025 -29.142857 0.000000
imu 707521 0.081715 0.025203 -34.824093
encoder 707568 -0.025941 0.001297 -0.032653 -29.142857 0.000000
imu 707571 0.005299 -0.000676 -36.076000
encoder 707618 -0.025941 0.001297 -0.032025 -29.142857 0.000000
imu 707621 -0.025951 0.004939 -33.358444
encoder 707668 -0.025941 0.001297 -0.032025 -29.142857 0.000000
imu 707671 -0.030589 0.005183 -35.801193
encoder 707718 -0.025941 0.001297 -0.032025 -29.142857 0.000000
imu 707721 0.005543 -0.016545 -36.640888
encoder 707768 -0.025941 0.001322 -0.032653 -29.142857 0.000000
imu 707770 -0.005687 -0.003850 -35.068367
encoder 707818 -0.025432 0.001272 -0.031397 -28.571428 0.000000
imu 707821 0.015797 -0.030461 -35.434780
encoder 707868 -0.025941 0.001297 -0.032025 -29.142857 0.000000
imu 707871 0.040456 0.030330 -39.846992
encoder 707918 -0.025432 0.001297 -0.032025 -28.571428 0.000000
imu 707921 -0.083324 -0.034124 -36.549282
encoder 707968 -0.025941 0.001297 -0.032025 -29.142857 0.000000
imu 707971 -0.002025 0.026667 -35.740124
encoder 708018 -0.025941 0.001297 -0.032025 -29.142857 0.000000
imu 708021 0.018239 -0.005071 -33.770657
encoder 708068 -0.025941 0.001297 -0.032025 -29.142857 0.000000
imu 708071 -0.031322 0.001277 -35.587452
encoder 708118 -0.025941 0.001322 -0.032653 -29.142857 0.000000
imu 708121 0.007741 0.012507 -34.534016
encoder 708168 -0.025432 0.001297 -0.032025 -28.571428 0.000000
imu 708171 0.034108 0.026423 -36.091267
encoder 708218 -0.025941 0.001297 -0.032025 -29.142857 0.000000
imu 708221 -0.068187 -0.031682 -36.427147
encoder 708268 -0.026449 0.001322 -0.032653 -29.714285 0.000000
imu 708271 0.026295 0.049861 -33.541649
encoder 708318 -0.025941 0.001297 -0.032025 -29.142857 0.000000
imu 708321 -0.085765 -0.047063 -33.648521
encoder 708368 -0.025941 0.001322 -0.032653 -29.142857 0.000000
imu 708371 -0.037181 -0.004338 -37.801193
encoder 708418 -0.025941 0.001297 -0.032025 -29.142857 0.000000
imu 708421 -0.050365 -0.032170 -32.305008
encoder 708468 -0.025941 0.001322 -0.032653 -29.142857 0.000000
imu 708471 -0.040111 -0.013616 -34.763023
encoder 708518 -0.025941 0.001297 -0.032025 -29.142857 0.000000
imu 708521 -0.004710 -0.018743 -36.869892
encoder 708568 -0.025941 0.001322 -0.032653 -29.142857 0.000000
imu 708571 -0.052562 -0.024358 -35.679054
encoder 708618 -0.025941 0.001297 -0.032025 -29.142857 0.000000
imu 708621 0.025807 -0.032170 -35.816460
encoder 708668 -0.025941 0.001322 -0.032653 -29.142857 0.000000
imu 708671 -0.032542 0.033748 -33.831726
encoder 708718 -0.025941 0.001297 -0.032025 -29.142857 0.000000
imu 708721 0.014577 -0.035833 -38.549282
encoder 708768 -0.025941 0.001297 -0.032025 -29.142857 0.000000
imu 708771 0.103200 0.020564 -34.900429
encoder 708818 -0.026449 0.001322 -0.032653 -29.714285 0.000000
imu 708821 -0.089427 0.002742 -34.030201
encoder 708868 -0.025941 0.001297 -0.032025 -29.142857 0.000000
imu 708871 0.026540 0.018367 -37.953865
encoder 708918 -0.025941 0.001322 -0.032653 -29.142857 0.000000
imu 708921 -0.024730 0.039363 -33.480579
encoder 708968 -0.025941 0.001297 -0.032025 -29.142857 0.000000
imu 708971 0.019704 0.026179 -34.121803
encoder 709018 -0.026449 0.001322 -0.032653 -29.714285 0.000000
imu 709021 0.017018 0.083552 -37.999664
encoder 709068 -0.025941 0.001322 -0.032653 -29.142857 0.000000
imu 709071 -0.089183 0.058650 -34.747757
encoder 709118 -0.025941 0.001297 -0.032025 -29.142857 0.000000
imu 709121 0.045338 0.035212 -38.427147
encoder 709168 -0.025941 0.001297 -0.032025 -29.142857 0.000000
imu 709171 -0.087962 0.033015 -39.114170
encoder 709218 -0.022380 0.001119 -0.027630 -25.142857 0.000000
imu 709221 -0.049876 0.028865 -25.327908
encoder 709268 -0.014242 0.000712 -0.017583 -16.000000 0.000000
imu 709271 -0.040843 0.022517 -14.457679
encoder 709318 -0.006612 0.000331 -0.008163 -7.428571 0.000000
imu 709321 -0.018382 -0.000920 -5.022565
encoder 709368 0.000000 0.000000 0.000000 0.000000 0.000000
imu 709371 -0.015697 0.015925 0.076672
encoder 709419 0.000000 0.000000 0.000000 0.000000 0.000000
imu 709422 -0.012279 0.014705 -0.060733
encoder 709468 0.000000 0.000000 0.000000 0.000000 0.000000
imu 709471 -0.011791 0.007625 0.091939
encoder 709518 0.000000 0.000000 0.000000 0.000000 0.000000
imu 709521 -0.010814 0.012263 -0.014931
encoder 709568 0.000000 0.000000 0.000000 0.000000 0.000000
imu 709571 -0.011058 0.007136 0.198809
encoder 709618 0.000000 0.000000 0.000000 0.000000 0.000000
imu 709621 -0.011791 0.010310 -0.060733
encoder 709668 0.000000 0.000000 0.000000 0.000000 0.000000
imu 709671 -0.007396 0.014705 0.046137
encoder 709718 0.000000 0.000000 0.000000 0.000000 0.000000
imu 709721 -0.011791 0.014949 0.000336
encoder 709768 0.000000 0.000000 0.000000 0.000000 0.000000
imu 709771 -0.011058 0.012996 -0.091267
encoder 709818 0.000000 0.000000 0.000000 0.000000 0.000000
imu 709821 -0.012035 0.007380 -0.014931
encoder 709868 0.000000 0.000000 0.000000 0.000000 0.000000
imu 709871 -0.009593 0.011287 0.168275
encoder 709918 0.000000 0.000000 0.000000 0.000000 0.000000
imu 709921 -0.011791 0.008845 0.229343
encoder 709968 0.005595 0.000280 0.000628 -2.857143 3.428571
imu 709971 -0.029613 0.040583 -0.579817
encoder 710018 0.015768 0.000788 0.001884 -8.000000 9.714286
imu 710021 -0.051585 0.013728 2.840031
encoder 710068 0.022889 0.001144 0.004396 -10.857142 14.857142
imu 710071 -0.053294 0.009578 6.885832
encoder 710118 0.030518 0.001526 0.007535 -13.714286 20.571428
imu 710121 -0.034007 0.053767 8.824763
encoder 710168 0.036113 0.001806 0.008163 -16.571428 24.000000
imu 710171 0.073170 0.008357 11.633924
encoder 710218 0.041708 0.002085 0.007535 -20.000000 26.857143
imu 710221 -0.052074 -0.012639 10.427816
encoder 710268 0.046286 0.002314 0.005652 -23.428572 28.571428
imu 710271 -0.003734 0.054500 4.290412
encoder 710318 0.048829 0.002467 0.004396 -25.714285 29.142857
imu 710321 0.033375 -0.029729 4.122473
encoder 710368 0.050355 0.002518 0.003140 -26.857143 29.714285
imu 710371 0.165700 -0.065618 5.328580
encoder 710418 0.052390 0.002619 0.003140 -28.000000 30.857143
imu 710421 -0.047679 -0.031194 0.778962
encoder 710468 0.051881 0.002645 0.002512 -28.000000 30.285715
imu 710471 0.035084 0.116755 0.870565
encoder 710518 0.051881 0.002645 0.002512 -28.000000 30.285715
imu 710521 -0.086742 0.005916 3.542321
encoder 710568 0.052898 0.002645 0.002512 -28.571428 30.857143
imu 710571 0.011403 0.046199 0.488886
encoder 710618 0.052898 0.002670 0.001884 -28.571428 30.857143
imu 710621 -0.134837 -0.036565 4.549954
encoder 710668 0.052898 0.002645 0.002512 -28.571428 30.857143
imu 710671 0.052174 0.039607 7.725527
encoder 710718 0.052898 0.002670 0.003140 -28.571428 30.857143
imu 710721 -0.027171 -0.127141 2.122473
encoder 710768 0.052898 0.002670 0.001884 -28.571428 30.857143
imu 710771 0.030446 0.023494 -1.159969
encoder 710818 0.053407 0.002670 0.003140 -28.571428 31.428572
imu 710821 0.074391 0.017634 2.870565
encoder 710868 0.052898 0.002670 0.001884 -29.142857 30.285715
imu 710871 0.055592 -0.025090 5.740794
encoder 710918 0.052390 0.002645 0.002512 -28.571428 30.285715
imu 710921 -0.039623 0.050593 0.107206
encoder 710968 0.051881 0.002619 0.001884 -28.571428 29.714285
imu 710971 0.126149 -0.006292 2.641557
encoder 711018 0.052390 0.002619 0.001884 -28.571428 30.285715
imu 711021 -0.139232 0.095027 0.122473
encoder 711068 0.052898 0.002645 0.002512 -28.571428 30.857143
imu 711071 0.062672 -0.127874 1.496519
encoder 711118 0.053407 0.002670 0.001884 -29.142857 30.857143
imu 711121 -0.048900 0.028132 -0.091267
encoder 711168 0.052898 0.002645 0.002512 -28.571428 30.857143
imu 711171 -0.026195 -0.055120 -0.427145
encoder 711218 0.053407 0.002670 0.001884 -29.142857 30.857143
imu 711221 0.042897 0.052791 3.893466
encoder 711268 0.052898 0.002670 0.001884 -28.571428 30.857143
imu 711271 -0.032542 -0.062932 2.382015
encoder 711318 0.052390 0.002645 0.002512 -28.571428 30.285715
imu 711321 -0.155345 -0.027043 0.946901
encoder 711368 0.052390 0.002645 0.002512 -28.571428 30.285715
imu 711371 -0.087718 0.045955 3.130107
encoder 711418 0.052898 0.002645 0.002512 -28.571428 30.857143
imu 711421 0.018483 -0.020452 2.153008
encoder 711468 0.053407 0.002670 0.001884 -29.142857 30.857143
imu 711471 -0.034251 0.034724 3.053771
encoder 711518 0.052898 0.002670 0.001884 -28.571428 30.857143
imu 711521 0.031911 -0.043157 0.305679
encoder 711568 0.052898 0.002670 0.003140 -28.571428 30.857143
imu 711572 0.089528 0.010554 0.382015
encoder 711618 0.052898 0.002645 0.002512 -28.571428 30.857143
imu 711621 -0.003490 -0.005803 2.885832
encoder 711668 0.052898 0.002645 0.001884 -28.571428 30.857143
imu 711672 0.113698 0.079158 1.740794
encoder 711718 0.052898 0.002670 0.003140 -28.571428 30.857143
imu 711721 0.048024 -0.055120 2.427817
encoder 711768 0.053407 0.002670 0.001884 -29.142857 30.857143
imu 711771 0.047536 0.113826 9.481253
encoder 711818 0.052898 0.002670 0.003140 -28.571428 30.857143
imu 711821 0.020436 -0.023137 2.519420
encoder 711868 0.053407 0.002670 0.001884 -29.142857 30.857143
imu 711871 0.001881 0.008113 0.214077
encoder 711918 0.053407 0.002696 0.002512 -28.571428 31.428572
imu 711921 -0.093578 0.029109 2.534687
encoder 711968 0.052898 0.002645 0.002512 -28.571428 30.857143
imu 711971 -0.062083 -0.063176 7.069038
encoder 712018 0.052898 0.002696 0.002512 -28.571428 30.857143
imu 712021 0.032155 0.061091 5.389649
encoder 712068 0.052898 0.002645 0.002512 -28.571428 30.857143
imu 712071 -0.016429 0.065974 3.908733
encoder 712118 0.053407 0.002696 0.002512 -29.142857 30.857143
imu 712121 -0.043041 0.011042 5.878199
encoder 712168 0.052898 0.002645 0.002512 -28.571428 30.857143
imu 712171 -0.003490 0.012019 3.603390
encoder 712218 0.053407 0.002670 0.001884 -29.142857 30.857143
imu 712221 -0.022289 0.036921 1.420183
encoder 712268 0.052898 0.002645 0.002512 -28.571428 30.857143
imu 712271 -0.028148 -0.068303 -0.030199
encoder 712318 0.052898 0.002670 0.001884 -28.571428 30.857143
imu 712321 0.063649 -0.030217 3.618657
encoder 712368 0.052898 0.002645 0.002512 -28.571428 30.857143
imu 712371 0.055104 0.065486 1.389649
encoder 712418 0.052898 0.002645 0.002512 -28.571428 30.857143
imu 712421 -0.012523 -0.039250 3.267512
encoder 712468 0.052898 0.002645 0.003140 -28.571428 30.857143
imu 712471 -0.070628 0.052791 -0.824091
encoder 712518 0.052898 0.002645 0.001884 -28.571428 30.857143
imu 712521 0.079518 -0.018499 1.313313
encoder 712568 0.052390 0.002645 0.002512 -28.000000 30.857143
imu 712571 -0.109935 -0.013616 3.603390
encoder 712618 0.052898 0.002645 0.002512 -28.571428 30.857143
imu 712621 -0.078197 0.024470 -1.892794
encoder 712668 0.052898 0.002645 0.002512 -28.571428 30.857143
imu 712671 0.034596 0.053523 3.710260
encoder 712718 0.002035 0.002645 0.003140 -28.571428 30.857143
imu 712721 -0.076976 0.014460 5.481252
encoder 712768 0.002035 0.002289 0.002512 -24.571428 26.857143
imu 712771 -0.091869 0.048640 1.191176
encoder 712818 0.003052 0.001526 0.003768 -15.428572 18.857143
imu 712821 -0.014964 0.013972 4.580489
encoder 712868 0.003052 0.000763 0.003768 -6.857143 10.285714
imu 712871 -0.046214 0.009089 4.046137
encoder 712918 0.002035 0.000153 0.002512 -0.571429 2.857143
imu 712921 -0.009837 0.021541 -0.625618
encoder 712968 0.000000 0.000000 0.000000 0.000000 0.000000
imu 712971 -0.008617 0.012263 -0.014931
encoder 713018 0.000000 0.000000 0.000000 0.000000 0.000000
imu 713021 -0.001292 0.014705 -0.121801
encoder 713068 0.000000 0.000000 0.000000 0.000000 0.000000
imu 713071 -0.008861 0.012751 0.076672
encoder 713118 0.000000 0.000000 0.000000 0.000000 0.000000
imu 713121 -0.001292 0.003718 0.030870
encoder 713168 -0.008138 0.000407 -0.010047 -9.142858 0.000000
imu 713171 0.076100 0.006648 -19.740124
encoder 713218 -0.018311 0.000916 -0.022606 -20.571428 0.000000
imu 713221 -0.018626 0.047908 -31.373711
encoder 713268 -0.022380 0.001119 -0.027630 -25.142857 0.000000
imu 713271 0.070241 0.012019 -32.549282
encoder 713318 -0.023906 0.001221 -0.030142 -26.857143 0.000000
imu 713321 -0.028880 -0.037053 -36.350811
encoder 713368 -0.024415 0.001246 -0.030770 -27.428572 0.000000
imu 713371 0.055104 0.040339 -35.114170
encoder 713418 -0.025432 0.001272 -0.031397 -28.571428 0.000000
imu 713421 0.049489 -0.007512 -33.648521
encoder 713468 -0.025432 0.001272 -0.031397 -28.571428 0.000000
imu 713471 0.027760 0.088923 -36.763023
encoder 713518 -0.025432 0.001272 -0.031397 -28.571428 0.000000
imu 713521 -0.047191 -0.006047 -35.221039
encoder 713568 -0.025941 0.001297 -0.032025 -29.142857 0.000000
imu 713571 -0.010082 0.009822 -38.198139
encoder 713618 -0.025432 0.001297 -0.032025 -28.571428 0.000000
imu 713621 0.090016 0.084529 -36.457680
encoder 713668 -0.025941 0.001297 -0.032025 -29.142857 0.000000
imu 713671 -0.070628 -0.001897 -36.976765
encoder 713718 -0.025941 0.001322 -0.032653 -29.142857 0.000000
imu 713721 -0.034984 -0.006292 -38.427147
encoder 713768 -0.025941 0.001297 -0.032025 -29.142857 0.000000
imu 713771 0.080006 -0.003362 -35.908062
encoder 713818 -0.025941 0.001297 -0.032025 -29.142857 0.000000
imu 713821 -0.056957 0.004695 -35.480579
encoder 713868 -0.025941 0.001322 -0.032653 -29.142857 0.000000
imu 713871 0.016774 0.040095 -38.350811
encoder 713918 -0.025941 0.001297 -0.032025 -29.142857 0.000000
imu 713921 0.046559 0.018611 -36.106537
encoder 713968 -0.025941 0.001322 -0.032653 -29.142857 0.000000
imu 713971 0.016042 -0.012639 -36.289742
encoder 714018 -0.025941 0.001297 -0.032025 -29.142857 0.000000
imu 714021 0.043629 0.036433 -37.297375
encoder 714068 -0.025941 0.001297 -0.032025 -29.142857 0.000000
imu 714071 -0.008128 0.045955 -34.549282
encoder 714118 -0.025941 0.001297 -0.032025 -29.142857 0.000000
imu 714121 0.051198 0.041804 -36.839359
encoder 714168 -0.025941 0.001322 -0.032653 -29.142857 0.000000
imu 714171 0.016286 0.028376 -39.434780
encoder 714218 -0.025941 0.001297 -0.032025 -29.142857 0.000000
imu 714221 -0.074291 0.034480 -34.854626
encoder 714269 -0.025941 0.001322 -0.032653 -29.142857 0.000000
imu 714272 0.046315 0.040828 -35.846992
encoder 714318 -0.025941 0.001297 -0.032025 -29.142857 0.000000
imu 714321 -0.011058 0.030574 -38.518749
encoder 714368 -0.026449 0.001322 -0.032653 -29.714285 0.000000
imu 714371 -0.039134 0.056453 -39.450047
encoder 714418 -0.025941 0.001297 -0.032653 -29.142857 0.000000
imu 714421 0.070241 0.026912 -38.747757
encoder 714468 -0.025941 0.001297 -0.032025 -29.142857 0.000000
imu 714471 -0.079417 -0.027043 -36.686687
encoder 714518 -0.025941 0.001322 -0.032653 -29.142857 0.000000
imu 714521 0.059254 0.005427 -39.709587
encoder 714568 -0.025941 0.001297 -0.032025 -29.142857 0.000000
imu 714571 -0.005931 0.006160 -35.572186
encoder 714618 -0.025941 0.001297 -0.032025 -29.142857 0.000000
imu 714621 -0.101146 0.017146 -36.442413
encoder 714668 -0.026449 0.001322 -0.032653 -29.714285 0.000000
imu 714671 -0.000560 0.035212 -37.068367
encoder 714718 -0.026449 0.001322 -0.032653 -29.714285 0.000000
imu 714721 -0.083568 -0.025579 -36.030201
encoder 714768 -0.025941 0.001322 -0.032653 -29.142857 0.000000
imu 714771 -0.007152 -0.004583 -35.984398
encoder 714818 -0.025941 0.001297 -0.032025 -29.142857 0.000000
imu 714821 0.015065 0.040583 -39.327908
encoder 714868 -0.026449 0.001322 -0.032653 -29.714285 0.000000
imu 714871 0.002858 0.039607 -35.755390
encoder 714918 -0.026449 0.001322 -0.032653 -29.714285 0.000000
imu 714921 -0.018382 0.006404 -34.274475
encoder 714968 -0.025941 0.001322 -0.032653 -29.142857 0.000000
imu 714971 0.008473 0.031794 -37.816460
encoder 715018 -0.025941 0.001297 -0.032653 -29.142857 0.000000
imu 715021 -0.036693 -0.029729 -37.877529
encoder 715068 -0.025941 0.001297 -0.032025 -29.142857 0.000000
imu 715071 0.006520 -0.005315 -35.007298
encoder 715118 -0.025941 0.001297 -0.032025 -29.142857 0.000000
imu 715121 -0.042796 0.001765 -37.511116
encoder 715168 -0.025941 0.001297 -0.032025 -29.142857 0.000000
imu 715171 -0.136546 0.031062 -38.579819
encoder 715218 -0.026449 0.001322 -0.032653 -29.714285 0.000000
imu 715221 -0.015208 -0.061711 -34.106537
encoder 715268 -0.026449 0.001322 -0.032653 -29.714285 0.000000
imu 715271 -0.045238 -0.009465 -36.381344
encoder 715318 -0.026449 0.001322 -0.032653 -29.714285 0.000000
imu 715321 0.054616 0.021541 -39.251572
encoder 715368 -0.026449 0.001322 -0.032653 -29.714285 0.000000
imu 715371 0.000172 0.004451 -35.114170
encoder 715418 -0.026449 0.001322 -0.032653 -29.714285 0.000000
imu 715421 0.050954 0.030574 -34.488216
encoder 715468 -0.026449 0.001322 -0.032653 -29.714285 0.000000
imu 715471 -0.050365 0.006160 -36.717220
encoder 715518 -0.025941 0.001322 -0.032653 -29.142857 0.000000
imu 715521 -0.061351 0.006648 -37.526382
encoder 715568 -0.026449 0.001322 -0.032653 -29.714285 0.000000
imu 715571 0.005055 0.019587 -36.274475
encoder 715618 -0.026449 0.001322 -0.032653 -29.714285 0.000000
imu 715621 -0.050365 0.008113 -37.587452
encoder 715668 -0.026449 0.001322 -0.032653 -29.714285 0.000000
imu 715671 -0.063548 -0.013616 -39.236305
encoder 715718 -0.026449 0.001322 -0.032653 -29.714285 0.000000
imu 715721 0.064137 0.008113 -37.633251
encoder 715768 -0.026449 0.001322 -0.032653 -29.714285 0.000000
imu 715771 -0.051585 0.005183 -37.083633
encoder 715818 -0.026449 0.001348 -0.033281 -29.714285 0.000000
imu 715821 -0.040599 -0.025334 -40.534016
encoder 715868 -0.025941 0.001322 -0.032653 -29.142857 0.000000
imu 715871 -0.051830 0.030085 -34.564552
encoder 715918 -0.025941 0.001322 -0.032653 -29.142857 0.000000
imu 715921 -0.050609 -0.052434 -33.556915
encoder 715968 -0.026449 0.001322 -0.032653 -29.714285 0.000000
imu 715971 0.001881 -0.012639 -36.213406
encoder 716018 -0.026449 0.001322 -0.032653 -29.714285 0.000000
imu 716021 0.026540 -0.021184 -37.404243
encoder 716068 -0.026449 0.001322 -0.032653 -29.714285 0.000000
imu 716071 -0.048167 -0.046819 -35.648521
encoder 716118 -0.026449 0.001322 -0.032653 -29.714285 0.000000
imu 716121 0.044118 0.045710 -34.182873
encoder 716168 -0.026449 0.001322 -0.032653 -29.714285 0.000000
imu 716171 -0.023509 -0.020452 -36.243938
encoder 716218 -0.026449 0.001322 -0.032653 -29.714285 0.000000
imu 716221 0.003102 -0.011174 -37.327908
encoder 716268 -0.025941 0.001322 -0.032653 -29.142857 0.000000
imu 716271 0.019704 0.021052 -37.938595
encoder 716318 -0.022889 0.001144 -0.028258 -25.714285 0.000000
imu 716321 -0.009349 0.011775 -26.686687
encoder 716368 -0.014751 0.000738 -0.018211 -16.571428 0.000000
imu 716371 -0.052318 -0.028752 -16.121803
encoder 716418 -0.007121 0.000356 -0.009419 -8.000000 0.000000
imu 716421 -0.023753 0.011531 -5.587450
encoder 716468 0.000000 0.000000 0.000000 0.000000 0.000000
imu 716471 -0.032054 0.007380 -0.350809
encoder 716518 0.000000 0.000000 0.000000 0.000000 0.000000
imu 716521 -0.026439 0.008357 0.076672
encoder 716568 0.000000 0.000000 0.000000 0.000000 0.000000
imu 716571 -0.018871 0.003474 0.046137
encoder 716618 0.000000 0.000000 0.000000 0.000000 0.000000
imu 716621 -0.017894 -0.001165 0.061405
encoder 716668 0.000000 0.000000 0.000000 0.000000 0.000000
imu 716671 -0.013255 0.001033 0.168275
encoder 716718 0.000000 0.000000 0.000000 0.000000 0.000000
imu 716720 -0.018626 0.001521 0.061405
encoder 716768 0.000000 0.000000 0.000000 0.000000 0.000000
imu 716770 -0.012767 0.005916 0.030870
encoder 716818 0.000000 0.000000 0.000000 0.000000 0.000000
imu 716821 -0.025218 0.010066 -0.014931
encoder 716868 0.000000 0.000000 0.000000 0.000000 0.000000
imu 716871 -0.020580 0.003474 0.046137
encoder 716918 0.000000 0.000000 0.000000 0.000000 0.000000
imu 716921 -0.019115 0.004695 0.046137
encoder 716968 0.000000 0.000000 0.000000 0.000000 0.000000
imu 716971 -0.021068 0.006404 0.046137
encoder 717018 0.000000 0.000000 0.000000 0.000000 0.000000
imu 717021 -0.024974 0.002009 0.091939
encoder 717068 0.000000 0.000000 0.000000 0.000000 0.000000
imu 717071 -0.021312 0.002498 -0.076000
encoder 717118 0.000000 0.000000 0.000000 0.000000 0.000000
imu 717121 -0.013988 0.004695 0.076672
encoder 717168 0.000000 0.000000 0.000000 0.000000 0.000000
imu 717171 -0.018382 0.012507 0.046137
encoder 717218 0.000000 0.000000 0.000000 0.000000 0.000000
imu 717221 -0.026927 0.006404 -0.060733
encoder 717268 0.000000 0.000000 0.000000 0.000000 0.000000
imu 717271 -0.021800 0.007625 0.030870
encoder 717318 0.000000 0.000000 0.000000 0.000000 0.000000
imu 717321 -0.018626 0.015681 0.091939
encoder 717368 0.000000 0.000000 0.000000 0.000000 0.000000
imu 717371 -0.024486 0.007380 0.137741
encoder 717418 0.000000 0.000000 0.000000 0.000000 0.000000
imu 717421 -0.023509 0.007136 0.030870
encoder 717468 0.000000 0.000000 0.000000 0.000000 0.000000
imu 717471 -0.025218 0.008601 0.030870
encoder 717518 0.000000 0.000000 0.000000 0.000000 0.000000
imu 717521 -0.012523 0.006404 0.000336
encoder 717568 0.000000 0.000000 0.000000 0.000000 0.000000
imu 717571 -0.024486 0.006160 0.122473
encoder 717618 0.000000 0.000000 0.000000 0.000000 0.000000
imu 717621 -0.016185 0.006648 0.137741
encoder 717668 0.006104 0.000305 0.000000 -3.428571 3.428571
imu 717671 -0.044505 0.009578 -1.969130
encoder 717718 0.015768 0.000788 0.001884 -8.000000 9.714286
imu 717721 0.028004 -0.027288 1.236977
encoder 717768 0.023906 0.001195 0.004396 -11.428572 15.428572
imu 717771 -0.008861 0.013972 6.641558
encoder 717818 0.030518 0.001526 0.007535 -13.714286 20.571428
imu 717821 -0.066966 0.012996 8.641558
encoder 717868 0.036622 0.001857 0.008163 -16.571428 24.571428
imu 717871 0.044118 0.048884 16.488886
encoder 717918 0.041200 0.002085 0.007535 -19.428572 26.857143
imu 717921 -0.060863 0.068416 7.542321
encoder 717968 0.046286 0.002314 0.005652 -23.428572 28.571428
imu 717971 -0.057689 -0.000188 5.939267
encoder 718018 0.048829 0.002492 0.003768 -25.714285 29.142857
imu 718021 -0.005931 -0.019719 5.038504
encoder 718068 0.050355 0.002543 0.003768 -26.857143 29.714285
imu 718071 0.031911 -0.112981 6.672091
encoder 718118 0.051373 0.002594 0.001884 -28.000000 29.714285
imu 718121 -0.037181 0.062556 0.733160
encoder 718168 0.051881 0.002594 0.001884 -28.000000 30.285715
imu 718171 -0.080638 0.025935 7.145374
encoder 718218 0.052390 0.002645 0.002512 -28.000000 30.857143
imu 718221 0.016042 -0.043401 0.855298
encoder 718268 0.052898 0.002645 0.001884 -28.571428 30.857143
imu 718271 0.052174 0.071589 -1.175237
encoder 718318 0.052898 0.002645 0.002512 -28.571428 30.857143
imu 718321 -0.011791 -0.093694 0.458351
encoder 718368 0.053407 0.002696 0.002512 -28.571428 31.428572
imu 718371 -0.053294 0.062068 2.962168
encoder 718418 0.052898 0.002696 0.002512 -28.571428 30.857143
imu 718421 0.049000 -0.038274 5.969802
encoder 718468 0.052898 0.002645 0.002512 -28.571428 30.857143
imu 718471 0.039967 0.020076 3.817130
encoder 718518 0.053407 0.002670 0.001884 -29.142857 30.857143
imu 718521 0.060963 -0.016790 -0.305007
encoder 718568 0.053407 0.002670 0.002512 -29.142857 30.857143
imu 718571 -0.157054 0.085505 0.427817
encoder 718618 0.053407 0.002670 0.001884 -29.142857 30.857143
imu 718621 0.090504 -0.014104 5.191175
encoder 718668 0.053407 0.002696 0.002512 -28.571428 31.428572
imu 718671 -0.010570 0.033992 -2.549283
encoder 718718 0.053407 0.002670 0.003140 -28.571428 31.428572
imu 718721 0.002125 -0.024114 2.794229
encoder 718768 0.053916 0.002696 0.001884 -29.142857 31.428572
imu 718771 0.118581 0.061824 4.626290
encoder 718818 0.053407 0.002670 0.003140 -28.571428 31.428572
imu 718821 -0.024730 -0.037297 -2.747756
encoder 718868 0.053916 0.002696 0.001884 -29.142857 31.428572
imu 718871 -0.037181 0.031550 4.427817
encoder 718918 0.052898 0.002670 0.003140 -28.571428 30.857143
imu 718921 -0.094798 0.055964 6.794229
encoder 718968 0.053916 0.002696 0.002512 -29.142857 31.428572
imu 718971 0.122975 -0.026067 4.000336
encoder 719018 0.052898 0.002670 0.001884 -28.571428 30.857143
imu 719021 0.042409 -0.029485 -0.442412
encoder 719068 0.052898 0.002670 0.002512 -28.571428 30.857143
imu 719071 0.023366 0.053523 3.572855
encoder 719118 0.053407 0.002670 0.001884 -29.142857 30.857143
imu 719121 0.017506 -0.013616 4.030870
encoder 719168 0.052898 0.002696 0.002512 -28.571428 30.857143
imu 719171 0.000417 0.077693 2.305680
encoder 719218 0.052898 0.002670 0.002512 -28.571428 30.857143
imu 719221 0.079762 -0.019719 5.924000
encoder 719268 0.052898 0.002670 0.001884 -28.571428 30.857143
imu 719271 0.032155 0.022517 3.542321
encoder 719318 0.053407 0.002696 0.002512 -28.571428 31.428572
imu 719321 0.029958 0.020076 4.168275
encoder 719368 0.053407 0.002670 0.002512 -28.571428 31.428572
imu 719371 0.002125 0.085017 4.778962
encoder 719418 0.053407 0.002670 0.003140 -28.571428 31.428572
imu 719421 -0.114818 0.026179 2.168275
encoder 719468 0.053916 0.002696 0.002512 -29.142857 31.428572
imu 719471 0.049733 0.038875 1.236977
encoder 719518 0.053407 0.002670 0.002512 -29.142857 30.857143
imu 719521 -0.049388 0.081599 0.778962
encoder 719568 0.053407 0.002696 0.002512 -29.142857 30.857143
imu 719571 -0.042308 -0.072942 2.702626
encoder 719618 0.053407 0.002670 0.001884 -29.142857 30.857143
imu 719621 -0.052074 -0.065862 1.710260
encoder 719668 0.053407 0.002696 0.002512 -29.142857 30.857143
imu 719671 -0.053783 0.098933 7.679726
encoder 719718 0.052898 0.002670 0.002512 -28.571428 30.857143
imu 719721 0.003346 0.010554 3.924000
encoder 719768 0.052390 0.002670 0.001884 -28.571428 30.285715
imu 719771 -0.064769 0.049861 0.641557
encoder 719818 0.052898 0.002645 0.002512 -28.571428 30.857143
imu 719821 -0.029125 -0.061467 2.901099
encoder 719868 0.053407 0.002696 0.001256 -29.142857 30.857143
imu 719871 0.096608 0.025935 5.893466
encoder 719918 0.052898 0.002645 0.002512 -28.571428 30.857143
imu 719921 0.003590 -0.088811 5.511786
encoder 719968 0.053407 0.002670 0.002512 -29.142857 30.857143
imu 719971 -0.000316 0.084041 -1.358443
encoder 720018 0.052898 0.002670 0.001884 -29.142857 30.285715
imu 720021 -0.037669 -0.062200 9.145374
encoder 720069 0.053916 0.002696 0.002512 -29.142857 31.428572
imu 720072 0.051930 0.047908 -0.213405
encoder 720118 0.052390 0.002645 0.001256 -28.571428 30.285715
imu 720121 -0.058421 -0.033391 -2.839359
encoder 720168 0.001526 0.002645 0.002512 -28.571428 30.285715
imu 720171 -0.165599 -0.021184 -1.755389
encoder 720218 0.002035 0.002340 0.002512 -25.142857 27.428572
imu 720221 -0.075755 -0.020940 4.030870
encoder 720268 0.002035 0.001577 0.002512 -16.571428 18.857143
imu 720271 0.057790 0.007380 4.565221
encoder 720318 0.003560 0.000839 0.004396 -7.428571 11.428572
imu 720321 -0.051830 0.002498 3.527054
encoder 720368 0.002035 0.000203 0.002512 -1.142857 3.428571
imu 720371 -0.031322 0.000789 -0.228672
encoder 720418 0.000000 0.000000 0.000000 0.000000 0.000000
imu 720421 -0.023265 0.005916 0.030870
encoder 720468 0.000000 0.000000 0.000000 0.000000 0.000000
imu 720471 -0.011058 0.005671 0.168275
encoder 720518 0.000000 0.000000 0.000000 0.000000 0.000000
imu 720521 -0.019847 0.003230 0.030870
encoder 720568 0.000000 0.000000 0.000000 0.000000 0.000000
imu 720571 -0.024486 0.010310 0.015603
encoder 720618 0.000000 0.000000 0.000000 0.000000 0.000000
imu 720621 -0.020335 0.001033 -0.106534
encoder 720668 0.000000 0.000000 0.000000 0.000000 0.000000
imu 720671 -0.021312 0.004939 -0.014931
encoder 720718 0.000000 0.000000 0.000000 0.000000 0.000000
imu 720721 -0.014476 0.000789 -0.030199
encoder 720768 0.000000 0.000000 0.000000 0.000000 0.000000
imu 720771 -0.021312 0.002986 -0.014931
encoder 720818 0.000000 0.000000 0.000000 0.000000 0.000000
imu 720821 -0.012767 0.003230 0.076672
encoder 720868 0.000000 0.000000 0.000000 0.000000 0.000000
imu 720871 -0.016429 0.003474 -0.014931
encoder 720918 0.000000 0.000000 0.000000 0.000000 0.000000
imu 720921 -0.019603 0.004207 0.091939
encoder 720968 0.000000 0.000000 0.000000 0.000000 0.000000
imu 720971 -0.013011 0.001765 0.122473
encoder 721018 -0.008138 0.000407 -0.010047 -9.142858 0.000000
imu 721021 -0.030345 0.000056 -20.930962
encoder 721068 -0.018311 0.000916 -0.022606 -20.571428 0.000000
imu 721071 -0.009105 -0.009221 -30.121803
encoder 721118 -0.022380 0.001119 -0.027630 -25.142857 0.000000
imu 721121 -0.009349 -0.037297 -32.411880
encoder 721168 -0.024415 0.001221 -0.030142 -27.428572 0.000000
imu 721171 0.025807 -0.022893 -34.732491
encoder 721218 -0.024923 0.001246 -0.030770 -28.000000 0.000000
imu 721220 0.007985 0.016658 -33.877529
encoder 721268 -0.025432 0.001272 -0.032025 -28.571428 0.000000
imu 721271 -0.120189 0.018123 -36.595085
encoder 721318 -0.025432 0.001272 -0.031397 -28.571428 0.000000
imu 721321 -0.044017 -0.024114 -35.480579
encoder 721368 -0.025432 0.001297 -0.032025 -28.571428 0.000000
imu 721371 -0.065013 -0.022161 -33.709587
encoder 721418 -0.025941 0.001297 -0.032025 -29.142857 0.000000
imu 721421 -0.086986 -0.003118 -35.434780
encoder 721468 -0.025941 0.001297 -0.032025 -29.142857 0.000000
imu 721471 0.076100 0.026667 -34.213406
encoder 721518 -0.025941 0.001297 -0.032025 -29.142857 0.000000
imu 721521 -0.108470 -0.004094 -36.656155
encoder 721568 -0.022380 0.001119 -0.027630 -25.142857 0.000000
imu 721571 -0.014232 -0.000920 -29.266842
encoder 721618 -0.014242 0.000712 -0.017583 -16.000000 0.000000
imu 721621 -0.044505 0.010554 -14.579816
encoder 721669 -0.007121 0.000356 -0.008791 -8.000000 0.000000
imu 721672 -0.049144 0.006648 -5.419512
encoder 721718 -0.001017 0.000051 -0.001256 -1.142857 0.000000
imu 721721 -0.004222 -0.001409 -0.198137
encoder 721768 0.000000 0.000000 0.000000 0.000000 0.000000
imu 721771 -0.013988 0.002742 -0.106534
encoder 721818 0.000000 0.000000 0.000000 0.000000 0.000000
imu 721821 -0.006664 -0.001409 -0.060733
encoder 721868 0.000000 0.000000 0.000000 0.000000 0.000000
imu 721871 -0.010570 -0.006536 -0.014931
encoder 721918 0.000000 0.000000 0.000000 0.000000 0.000000
imu 721921 -0.015208 0.003718 0.061405
encoder 721968 0.000000 0.000000 0.000000 0.000000 0.000000
imu 721971 -0.012035 -0.000676 0.000336
encoder 722018 0.000000 0.000000 0.000000 0.000000 0.000000
imu 722021 -0.012035 -0.003118 -0.060733
encoder 722068 0.000000 0.000000 0.000000 0.000000 0.000000
imu 722071 -0.016185 0.001765 0.061405
encoder 722118 0.000000 0.000000 0.000000 0.000000 0.000000
imu 722121 -0.011058 -0.007024 0.122473
encoder 722168 0.000000 0.000000 0.000000 0.000000 0.000000
imu 722171 -0.017894 -0.002385 -0.121801
encoder 722218 0.000000 0.000000 0.000000 0.000000 0.000000
imu 722222 -0.015697 -0.001165 0.076672
encoder 722268 0.000000 0.000000 0.000000 0.000000 0.000000
imu 722271 -0.013255 0.001765 0.015603
encoder 722318 0.000000 0.000000 0.000000 0.000000 0.000000
imu 722321 -0.017162 -0.000676 0.107206
encoder 722368 0.000000 0.000000 0.000000 0.000000 0.000000
imu 722371 -0.015941 -0.006292 -0.106534
encoder 722418 0.005595 0.000280 -0.000628 -3.428571 2.857143
imu 722421 0.012379 0.013484 2.458351
encoder 722468 0.015768 0.000814 0.001256 -8.571428 9.142858
imu 722471 -0.016185 -0.004094 2.977435
encoder 722518 0.022889 0.001170 0.003768 -11.428572 14.285714
imu 722521 -0.054515 -0.016057 6.565222
encoder 722568 0.030010 0.001500 0.006907 -13.714286 20.000000
imu 722571 -0.060619 -0.001653 9.343847
encoder 722618 0.036113 0.001806 0.008163 -16.571428 24.000000
imu 722621 0.004323 0.013972 8.763695
encoder 722668 0.041708 0.002111 0.008163 -20.000000 26.857143
imu 722671 0.013600 0.043025 10.412550
encoder 722718 0.046286 0.002314 0.004396 -24.000000 28.000000
imu 722721 0.018483 0.011531 6.901099
encoder 722768 0.048321 0.002441 0.003768 -25.142857 29.142857
imu 722771 -0.003001 -0.024602 2.488886
encoder 722818 0.050355 0.002543 0.003768 -26.857143 29.714285
imu 722821 0.042653 -0.029485 3.527054
encoder 722868 0.051373 0.002594 0.002512 -27.428572 30.285715
imu 722871 -0.024974 0.072810 -2.030199
encoder 722918 0.051881 0.002594 0.002512 -28.000000 30.285715
imu 722921 -0.007884 0.048640 0.962168
encoder 722968 0.052390 0.002619 0.001884 -28.571428 30.285715
imu 722971 -0.027171 -0.055120 1.725527
encoder 723018 0.052898 0.002645 0.002512 -28.571428 30.857143
imu 723021 -0.062328 -0.007756 4.397283
encoder 723068 0.052898 0.002696 0.002512 -28.571428 30.857143
imu 723071 -0.060130 0.076960 4.046137
encoder 723118 0.052898 0.002645 0.002512 -28.571428 30.857143
imu 723121 0.017995 -0.010686 2.030870
encoder 723168 0.052898 0.002645 0.002512 -28.571428 30.857143
imu 723171 -0.144847 -0.057561 2.214077
encoder 723218 0.053407 0.002670 0.001884 -29.142857 30.857143
imu 723221 0.002370 -0.004094 0.168275
encoder 723268 0.052898 0.002670 0.003140 -28.571428 30.857143
imu 723271 -0.001781 -0.020208 7.511786
encoder 723318 0.052898 0.002645 0.002512 -28.571428 30.857143
imu 723321 -0.012279 0.092830 2.595756
encoder 723368 0.052898 0.002696 0.002512 -28.571428 30.857143
imu 723371 -0.007396 -0.030217 5.252244
encoder 723418 0.052898 0.002645 0.002512 -28.571428 30.857143
imu 723421 0.042653 -0.011418 1.359115
encoder 723468 0.053916 0.002696 0.002512 -29.142857 31.428572
imu 723471 -0.018382 -0.018743 -0.320275
encoder 723518 0.053407 0.002696 0.002512 -28.571428 31.428572
imu 723521 0.026051 0.020564 5.359115
encoder 723568 0.052898 0.002670 0.003140 -28.571428 30.857143
imu 723571 -0.077464 0.044001 1.511786
encoder 723618 0.052898 0.002696 0.002512 -28.571428 30.857143
imu 723621 0.088063 -0.072698 3.038504
encoder 723668 0.052898 0.002670 0.001884 -28.571428 30.857143
imu 723671 -0.156322 0.032527 2.504153
encoder 723718 0.052898 0.002670 0.003140 -28.571428 30.857143
imu 723721 -0.052318 -0.034856 3.481252
encoder 723768 0.052898 0.002696 0.002512 -28.571428 30.857143
imu 723771 0.044118 0.064509 0.443084
encoder 723818 0.052898 0.002645 0.002512 -28.571428 30.857143
imu 723821 0.035329 -0.071721 5.786595
encoder 723868 0.052898 0.002670 0.003140 -28.571428 30.857143
imu 723871 0.036061 0.029597 1.924000
encoder 723918 0.053407 0.002670 0.001884 -29.142857 30.857143
imu 723921 0.008961 -0.047795 -1.190504
encoder 723968 0.052898 0.002670 0.001884 -28.571428 30.857143
imu 723971 -0.032787 -0.040959 2.473619
encoder 724018 0.052898 0.002645 0.002512 -28.571428 30.857143
imu 724021 -0.038402 -0.024358 1.435451
encoder 724068 0.053407 0.002670 0.001884 -29.142857 30.857143
imu 724071 0.009450 -0.071721 1.435451
encoder 724118 0.053407 0.002670 0.001884 -29.142857 30.857143
imu 724121 -0.053294 -0.089299 2.885832
encoder 724168 0.052390 0.002645 0.001884 -28.571428 30.285715
imu 724171 0.095631 0.050837 4.977435
encoder 724218 0.052898 0.002645 0.002512 -28.571428 30.857143
imu 724221 0.082936 -0.031438 -0.885160
encoder 724268 0.052898 0.002645 0.002512 -28.571428 30.857143
imu 724271 -0.016185 0.080378 0.427817
encoder 724318 0.052898 0.002645 0.002512 -28.571428 30.857143
imu 724321 -0.015453 0.062800 2.687359
encoder 724368 0.052898 0.002645 0.003140 -28.571428 30.857143
imu 724372 0.043141 -0.022161 3.282779
encoder 724418 0.052390 0.002645 0.002512 -28.571428 30.285715
imu 724421 -0.043773 0.025203 5.069038
encoder 724468 0.053407 0.002670 0.001884 -29.142857 30.857143
imu 724471 0.065846 0.074275 3.572855
encoder 724518 0.052898 0.002645 0.002512 -28.571428 30.857143
imu 724521 0.021413 -0.102727 2.153008
encoder 724568 0.053407 0.002670 0.001884 -29.142857 30.857143
imu 724571 0.052907 0.079158 1.588122
encoder 724618 0.052898 0.002670 0.002512 -28.571428 30.857143
imu 724621 -0.066966 -0.096624 0.549954
encoder 724668 0.052898 0.002645 0.002512 -28.571428 30.857143
imu 724671 -0.095287 0.007380 3.985069
encoder 724718 0.053916 0.002696 0.002512 -29.142857 31.428572
imu 724721 -0.054027 -0.028752 3.221710
encoder 724768 0.053407 0.002670 0.001884 -29.142857 30.857143
imu 724771 0.014333 -0.003118 2.183542
encoder 724818 0.052898 0.002696 0.002512 -28.571428 30.857143
imu 724821 0.021901 0.056208 1.069038
encoder 724868 0.052898 0.002670 0.003140 -28.571428 30.857143
imu 724871 0.041676 -0.017034 1.985069
encoder 724918 0.053407 0.002670 0.001884 -29.142857 30.857143
imu 724921 0.053883 0.031062 2.824764
encoder 724968 0.053407 0.002696 0.002512 -28.571428 31.428572
imu 724971 -0.039623 -0.031926 -0.366076
encoder 725018 0.053407 0.002696 0.002512 -28.571428 31.428572
imu 725021 -0.025707 -0.024114 1.450718
encoder 725068 0.052898 0.002645 0.003140 -28.571428 30.857143
imu 725071 -0.104564 -0.011907 1.496519
encoder 725118 0.053407 0.002670 0.001884 -29.142857 30.857143
imu 725121 0.022633 0.109675 4.748427
encoder 725168 0.053407 0.002670 0.001884 -29.142857 30.857143
imu 725171 0.016286 0.056453 0.778962
encoder 725218 0.052898 0.002670 0.001884 -28.571428 30.857143
imu 725221 -0.165111 0.011042 9.694992
encoder 725268 0.053407 0.002696 0.002512 -28.571428 31.428572
imu 725271 0.012868 -0.053411 3.786596
encoder 725318 0.053407 0.002670 0.003140 -28.571428 31.428572
imu 725321 0.006520 -0.054387 -3.572183
encoder 725368 0.053407 0.002696 0.002512 -29.142857 30.857143
imu 725371 -0.121410 0.018855 2.916367
encoder 725418 0.052898 0.002696 0.002512 -28.571428 30.857143
imu 725421 -0.030345 -0.006536 3.710260
encoder 725468 0.052898 0.002645 0.002512 -28.571428 30.857143
imu 725471 0.155446 -0.039250 3.679725
encoder 725518 0.053916 0.002696 0.002512 -29.142857 31.428572
imu 725521 -0.024974 0.056697 -0.610351
encoder 725568 0.052898 0.002670 0.002512 -28.571428 30.857143
imu 725571 -0.010814 -0.073918 1.282779
encoder 725618 0.052898 0.002645 0.002512 -28.571428 30.857143
imu 725621 0.048024 -0.053411 6.214077
encoder 725668 0.053916 0.002696 0.002512 -29.142857 31.428572
imu 725671 0.022145 -0.079778 7.649191
encoder 725718 0.053407 0.002696 0.002512 -28.571428 31.428572
imu 725721 0.024586 -0.148870 3.572855
encoder 725768 0.052898 0.002645 0.002512 -28.571428 30.857143
imu 725771 -0.079906 -0.014592 -1.022565
encoder 725818 0.053407 0.002670 0.001884 -29.142857 30.857143
imu 725821 -0.021800 -0.000920 2.504153
encoder 725868 0.052898 0.002645 0.001884 -28.571428 30.857143
imu 725871 -0.081126 0.002009 -5.083633
encoder 725918 0.051881 0.002645 0.002512 -28.000000 30.285715
imu 725921 -0.084300 -0.054143 0.565222
encoder 725968 0.052390 0.002619 0.001884 -28.571428 30.285715
imu 725971 -0.092357 -0.032415 4.382015
encoder 726018 0.052390 0.002645 0.002512 -28.571428 30.285715
imu 726021 -0.038890 0.008601 6.504153
encoder 726068 0.052390 0.002645 0.002512 -28.571428 30.285715
imu 726071 -0.041332 0.023005 -2.091267
encoder 726118 0.052390 0.002670 0.001884 -28.571428 30.285715
imu 726121 -0.041820 -0.067815 2.794229
encoder 726168 0.052898 0.002645 0.002512 -28.571428 30.857143
imu 726171 -0.052562 0.006160 7.236978
encoder 726218 0.052898 0.002670 0.001884 -28.571428 30.857143
imu 726221 0.056813 -0.053899 0.397283
encoder 726268 0.052898 0.002670 0.002512 -28.571428 30.857143
imu 726271 0.033131 -0.009954 2.946901
encoder 726318 0.052898 0.002645 0.002512 -28.571428 30.857143
imu 726321 -0.054271 0.027400 8.687359
encoder 726368 0.052898 0.002670 0.001884 -28.571428 30.857143
imu 726371 0.178639 0.045222 4.809496
encoder 726418 0.052898 0.002670 0.003140 -28.571428 30.857143
imu 726421 -0.117748 -0.056340 -1.709588
encoder 726468 0.052898 0.002645 0.002512 -28.571428 30.857143
imu 726471 -0.043773 -0.017278 4.946901
encoder 726518 0.052898 0.002670 0.003140 -28.571428 30.857143
imu 726522 -0.081371 0.051570 5.649191
encoder 726568 0.053407 0.002670 0.001884 -29.142857 30.857143
imu 726571 0.025563 -0.082219 2.107206
encoder 726618 0.052898 0.002696 0.002512 -28.571428 30.857143
imu 726621 0.002614 0.031306 3.145374
encoder 726668 0.052898 0.002670 0.003140 -28.571428 30.857143
imu 726671 -0.008128 0.006160 0.885832
encoder 726718 0.053407 0.002670 0.001884 -29.142857 30.857143
imu 726721 0.021657 -0.032659 7.588122
encoder 726768 0.053407 0.002696 0.002512 -28.571428 31.428572
imu 726771 0.041188 0.076472 8.778962
encoder 726818 0.052898 0.002670 0.003140 -28.571428 30.857143
imu 726821 -0.119945 -0.100774 3.328580
encoder 726868 0.053407 0.002670 0.001884 -29.142857 30.857143
imu 726871 0.010915 0.069636 0.183542
encoder 726918 0.053407 0.002696 0.002512 -28.571428 31.428572
imu 726921 -0.087474 -0.127629 4.641557
encoder 726968 0.053407 0.002670 0.003140 -28.571428 31.428572
imu 726971 0.032643 -0.034856 0.427817
encoder 727018 0.053407 0.002670 0.001884 -29.142857 30.857143
imu 727021 -0.128978 0.072078 -0.152336
encoder 727068 0.053916 0.002696 0.002512 -29.142857 31.428572
imu 727071 -0.033031 -0.027532 6.702626
encoder 727118 0.052898 0.002670 0.003140 -28.571428 30.857143
imu 727121 0.183766 0.028132 2.076672
encoder 727168 0.053407 0.002670 0.001884 -29.142857 30.857143
imu 727171 0.035329 0.047419 -1.770657
encoder 727218 0.052898 0.002696 0.002512 -28.571428 30.857143
imu 727221 -0.028148 -0.006292 1.649191
encoder 727268 0.052898 0.002670 0.003140 -28.571428 30.857143
imu 727271 0.069752 -0.033879 8.046138
encoder 727318 0.052898 0.002645 0.002512 -28.571428 30.857143
imu 727321 -0.003978 -0.008000 0.122473
encoder 727368 0.053407 0.002696 0.002512 -29.142857 30.857143
imu 727371 0.059987 0.020808 2.061405
encoder 727418 0.052898 0.002696 0.002512 -28.571428 30.857143
imu 727421 -0.013011 0.104060 5.588122
encoder 727468 0.052898 0.002645 0.002512 -28.571428 30.857143
imu 727471 0.119801 -0.050969 1.527054
encoder 727518 0.052898 0.002645 0.002512 -28.571428 30.857143
imu 727521 0.031911 0.037654 1.679725
encoder 727568 0.053407 0.002696 0.002512 -28.571428 31.428572
imu 727571 0.024342 -0.007024 0.885832
encoder 727618 0.052898 0.002670 0.003140 -28.571428 30.857143
imu 727621 0.066090 -0.028997 2.473619
encoder 727668 0.052898 0.002670 0.001884 -28.571428 30.857143
imu 727671 -0.103587 -0.041692 4.840031
encoder 727718 0.052898 0.002645 0.002512 -28.571428 30.857143
imu 727721 0.045583 -0.021184 -2.274473
encoder 727768 0.052898 0.002670 0.001884 -28.571428 30.857143
imu 727771 -0.008861 -0.036077 1.359115
encoder 727818 0.052898 0.002645 0.002512 -28.571428 30.857143
imu 727821 -0.126781 -0.085637 6.412550
encoder 727868 0.001526 0.002314 0.001884 -25.142857 26.857143
imu 727871 -0.015697 -0.012883 5.389649
encoder 727918 0.002543 0.001526 0.002512 -15.428572 18.285715
imu 727921 0.007252 0.000056 4.107206
encoder 727968 0.003052 0.000763 0.003768 -6.857143 10.285714
imu 727971 -0.069408 -0.020696 3.557588
encoder 728018 0.002543 0.000178 0.003140 -0.571429 3.428571
imu 728021 -0.026683 -0.017522 -0.656153
encoder 728068 0.000000 0.000000 0.000000 0.000000 0.000000
imu 728071 -0.003490 -0.005071 0.107206
encoder 728118 0.000000 0.000000 0.000000 0.000000 0.000000
imu 728121 -0.006175 -0.002874 0.030870
encoder 728168 0.000000 0.000000 0.000000 0.000000 0.000000
imu 728171 -0.010570 -0.006047 0.046137
encoder 728218 0.000000 0.000000 0.000000 0.000000 0.000000
imu 728221 -0.013500 -0.000920 -0.106534
encoder 728268 0.000000 0.000000 0.000000 0.000000 0.000000
imu 728271 -0.020091 -0.011174 0.336214
encoder 728318 -0.008138 0.000407 -0.010047 -9.142858 0.000000
imu 728321 -0.028392 -0.013616 -21.480579
encoder 728368 -0.018311 0.000916 -0.022606 -20.571428 0.000000
imu 728371 -0.023998 0.005183 -27.816460
encoder 728418 -0.022380 0.001119 -0.027630 -25.142857 0.000000
imu 728421 -0.051585 -0.044377 -32.167603
encoder 728468 -0.023906 0.001221 -0.030142 -26.857143 0.000000
imu 728471 -0.048167 0.024958 -35.831726
encoder 728518 -0.024415 0.001246 -0.030770 -27.428572 0.000000
imu 728521 0.059010 0.015193 -34.121803
encoder 728568 -0.024923 0.001272 -0.031397 -28.000000 0.000000
imu 728571 -0.024486 -0.048284 -35.190506
encoder 728618 -0.025432 0.001272 -0.031397 -28.571428 0.000000
imu 728621 -0.016673 -0.029241 -33.053101
encoder 728668 -0.025941 0.001297 -0.032025 -29.142857 0.000000
imu 728671 0.033620 -0.004094 -36.930962
encoder 728718 -0.025941 0.001297 -0.032025 -29.142857 0.000000
imu 728721 0.041188 -0.031194 -32.671421
encoder 728768 -0.025941 0.001297 -0.032025 -29.142857 0.000000
imu 728771 -0.022044 -0.014836 -36.686687
encoder 728818 -0.025941 0.001297 -0.032025 -29.142857 0.000000
imu 728821 -0.011302 -0.009709 -34.534016
encoder 728868 -0.025941 0.001297 -0.032025 -29.142857 0.000000
imu 728871 -0.046458 -0.024114 -37.724857
encoder 728918 -0.025941 0.001297 -0.032025 -29.142857 0.000000
imu 728921 0.039967 -0.003118 -37.587452
encoder 728968 -0.025941 0.001297 -0.032025 -29.142857 0.000000
imu 728971 -0.082835 0.011287 -33.969131
encoder 729018 -0.025941 0.001297 -0.032025 -29.142857 0.000000
imu 729021 -0.037914 0.035457 -34.366077
encoder 729068 -0.025941 0.001297 -0.032025 -29.142857 0.000000
imu 729071 0.029713 -0.001897 -38.045467
encoder 729118 -0.025941 0.001297 -0.032025 -29.142857 0.000000
imu 729121 -0.013744 -0.010442 -35.908062
encoder 729168 -0.025941 0.001297 -0.032025 -29.142857 0.000000
imu 729171 -0.068919 -0.028020 -34.335545
encoder 729218 -0.025941 0.001322 -0.032653 -29.142857 0.000000
imu 729221 0.035329 0.029841 -39.572186
encoder 729268 -0.025941 0.001297 -0.032025 -29.142857 0.000000
imu 729271 -0.061595 -0.050725 -36.259209
encoder 729318 -0.025941 0.001297 -0.032025 -29.142857 0.000000
imu 729321 -0.014476 -0.011174 -33.785923
encoder 729368 -0.025941 0.001297 -0.032653 -29.142857 0.000000
imu 729371 -0.031566 -0.038030 -34.640888
encoder 729418 -0.025432 0.001272 -0.031397 -28.571428 0.000000
imu 729421 0.013600 -0.006780 -37.648521
encoder 729468 -0.025941 0.001297 -0.032653 -29.142857 0.000000
imu 729471 0.026295 -0.015325 -36.686687
encoder 729518 -0.025432 0.001297 -0.032025 -28.571428 0.000000
imu 729521 -0.070384 -0.055120 -35.465313
encoder 729568 -0.025941 0.001297 -0.032025 -29.142857 0.000000
imu 729571 -0.007396 0.029109 -36.243938
encoder 729618 -0.025941 0.001297 -0.032025 -29.142857 0.000000
imu 729621 0.005788 -0.014348 -33.541649
encoder 729668 -0.025941 0.001297 -0.032025 -29.142857 0.000000
imu 729671 -0.033519 -0.037297 -35.144703
encoder 729718 -0.026449 0.001322 -0.032653 -29.714285 0.000000
imu 729721 0.065114 0.019099 -39.526382
encoder 729768 -0.025941 0.001297 -0.032025 -29.142857 0.000000
imu 729771 -0.076488 -0.039495 -33.404243
encoder 729818 -0.025941 0.001297 -0.032025 -29.142857 0.000000
imu 729821 0.014333 -0.002874 -34.320274
encoder 729868 -0.026449 0.001322 -0.032653 -29.714285 0.000000
imu 729871 0.049733 0.000789 -37.037834
encoder 729918 -0.025941 0.001297 -0.032025 -29.142857 0.000000
imu 729921 -0.017650 -0.075139 -34.076000
encoder 729968 -0.025941 0.001297 -0.032025 -29.142857 0.000000
imu 729971 -0.074046 -0.009465 -35.083633
encoder 730018 -0.025941 0.001322 -0.032653 -29.142857 0.000000
imu 730021 -0.019847 0.003230 -36.930962
encoder 730068 -0.025432 0.001297 -0.032025 -28.571428 0.000000
imu 730071 0.002125 0.016414 -35.511116
encoder 730118 -0.025941 0.001297 -0.032025 -29.142857 0.000000
imu 730121 -0.063792 -0.041204 -37.022564
encoder 730168 -0.025432 0.001297 -0.032025 -28.571428 0.000000
imu 730171 0.038747 -0.027776 -37.556915
encoder 730218 -0.025941 0.001297 -0.032025 -29.142857 0.000000
imu 730221 -0.063060 0.010066 -33.221039
encoder 730268 -0.025432 0.001297 -0.032025 -28.571428 0.000000
imu 730271 -0.037181 -0.018254 -35.007298
encoder 730318 -0.021871 0.001094 -0.027630 -24.571428 0.000000
imu 730321 0.015553 0.005427 -26.930962
encoder 730368 -0.013733 0.000687 -0.016955 -15.428572 0.000000
imu 730371 -0.006664 0.018855 -15.221038
encoder 730418 -0.006104 0.000305 -0.007535 -6.857143 0.000000
imu 730421 -0.004466 -0.000920 -3.312641
encoder 730468 -0.000509 0.000025 -0.000628 -0.571429 0.000000
imu 730471 0.014088 0.006160 0.076672
encoder 730518 0.000000 0.000000 0.000000 0.000000 0.000000
imu 730521 -0.004710 -0.000188 0.061405
encoder 730568 0.000000 0.000000 0.000000 0.000000 0.000000
imu 730571 -0.007152 0.003962 0.000336
encoder 730618 0.000000 0.000000 0.000000 0.000000 0.000000
imu 730621 -0.008861 -0.002141 -0.076000
encoder 730668 0.000000 0.000000 0.000000 0.000000 0.000000
imu 730671 -0.000804 -0.002385 0.030870
encoder 730718 0.000000 0.000000 0.000000 0.000000 0.000000
imu 730721 -0.001781 0.006648 -0.137069
encoder 730768 0.000000 0.000000 0.000000 0.000000 0.000000
imu 730771 -0.005443 0.003474 0.091939
encoder 730818 0.000000 0.000000 0.000000 0.000000 0.000000
imu 730821 -0.003978 0.002742 0.168275
encoder 730868 0.000000 0.000000 0.000000 0.000000 0.000000
imu 730871 -0.002757 0.001765 -0.045465
encoder 730918 0.000000 0.000000 0.000000 0.000000 0.000000
imu 730921 -0.002757 0.000300 0.000336
encoder 730968 0.000000 0.000000 0.000000 0.000000 0.000000
imu 730971 -0.002025 0.001765 0.015603
encoder 731018 0.000000 0.000000 0.000000 0.000000 0.000000
imu 731021 -0.006908 0.000544 0.030870
encoder 731068 0.000000 0.000000 0.000000 0.000000 0.000000
imu 731071 -0.002513 0.001277 -0.167603
encoder 731118 0.000000 0.000000 0.000000 0.000000 0.000000
imu 731121 -0.006175 0.006648 -0.030199
encoder 731168 0.000000 0.000000 0.000000 0.000000 0.000000
imu 731171 -0.003490 0.001033 -0.030199
encoder 731218 0.000000 0.000000 0.000000 0.000000 0.000000
imu 731221 -0.001537 -0.000432 -0.030199
encoder 731268 0.000000 0.000000 0.000000 0.000000 0.000000
imu 731271 0.001393 -0.000432 0.076672
encoder 731318 0.000000 0.000000 0.000000 0.000000 0.000000
imu 731321 0.006764 0.004695 0.000336
encoder 731368 0.000000 0.000000 0.000000 0.000000 0.000000
imu 731371 0.002125 0.005427 -0.106534
encoder 731418 0.000000 0.000000 0.000000 0.000000 0.000000
imu 731421 -0.002025 -0.002874 0.137741
encoder 731468 0.000000 0.000000 0.000000 0.000000 0.000000
imu 731471 -0.000316 0.000056 0.030870
encoder 731518 0.000000 0.000000 0.000000 0.000000 0.000000
imu 731521 0.000172 -0.000920 -0.076000
encoder 731568 0.000000 0.000000 0.000000 0.000000 0.000000
imu 731571 0.000417 0.002742 -0.182870
encoder 731618 0.000000 0.000000 0.000000 0.000000 0.000000
imu 731621 0.003346 -0.001409 0.000336
encoder 731668 0.000000 0.000000 0.000000 0.000000 0.000000
imu 731671 -0.003246 -0.004338 -0.060733
encoder 731718 0.000000 0.000000 0.000000 0.000000 0.000000
imu 731720 0.003834 -0.003118 -0.014931
encoder 731768 0.000000 0.000000 0.000000 0.000000 0.000000
imu 731770 -0.004955 0.001033 0.046137
encoder 731818 0.000000 0.000000 0.000000 0.000000 0.000000
imu 731821 -0.007640 0.001765 0.030870
encoder 731868 0.000000 0.000000 0.000000 0.000000 0.000000
imu 731871 -0.002025 0.003474 -0.182870
encoder 731918 0.000000 0.000000 0.000000 0.000000 0.000000
imu 731921 -0.001048 0.001033 0.061405
encoder 731968 0.000000 0.000000 0.000000 0.000000 0.000000
imu 731971 -0.000560 -0.004094 0.153008
encoder 732018 0.000000 0.000000 0.000000 0.000000 0.000000
imu 732021 -0.004222 0.004207 -0.076000
encoder 732068 0.000000 0.000000 0.000000 0.000000 0.000000
imu 732071 -0.006419 0.000056 -0.106534
encoder 732118 0.000000 0.000000 0.000000 0.000000 0.000000
imu 732121 -0.002025 0.000300 0.015603
encoder 732168 0.000000 0.000000 0.000000 0.000000 0.000000
imu 732171 -0.002757 0.002986 -0.274473
encoder 732218 0.000000 0.000000 0.000000 0.000000 0.000000
imu 732221 -0.008373 0.002009 0.015603
encoder 732268 0.000000 0.000000 0.000000 0.000000 0.000000
imu 732271 -0.000804 0.000789 0.030870
encoder 732318 0.000000 0.000000 0.000000 0.000000 0.000000
imu 732321 -0.003490 0.001765 0.091939
encoder 732368 0.000000 0.000000 0.000000 0.000000 0.000000
imu 732371 -0.006419 -0.002629 0.122473
encoder 732418 0.000000 0.000000 0.000000 0.000000 0.000000
imu 732421 -0.006664 0.002986 0.000336
encoder 732468 0.000000 0.000000 0.000000 0.000000 0.000000
imu 732471 -0.001537 0.003230 -0.045465
encoder 732518 0.000000 0.000000 0.000000 0.000000 0.000000
imu 732521 -0.004710 -0.000188 0.015603
encoder 732568 0.000000 0.000000 0.000000 0.000000 0.000000
imu 732571 -0.002757 0.004451 0.153008
encoder 732618 0.000000 0.000000 0.000000 0.000000 0.000000
imu 732621 -0.001537 0.003474 0.046137
encoder 732668 0.000000 0.000000 0.000000 0.000000 0.000000
imu 732671 -0.006908 0.000789 -0.152336
encoder 732718 0.000000 0.000000 0.000000 0.000000 0.000000
imu 732721 -0.006664 0.001033 -0.121801
encoder 732768 0.000000 0.000000 0.000000 0.000000 0.000000
imu 732771 -0.011058 0.001277 -0.030199
encoder 732818 0.000000 0.000000 0.000000 0.000000 0.000000
imu 732821 -0.008373 0.000544 -0.014931
encoder 732869 0.000000 0.000000 0.000000 0.000000 0.000000
imu 732871 -0.001292 -0.001409 -0.014931
encoder 732918 0.000000 0.000000 0.000000 0.000000 0.000000
imu 732921 0.000172 0.004939 -0.076000
