imu 41919 0.002483 -0.004192 0.038718
encoder 41966 0.000000 0.000000 0.000000 0.000000 0.000000
imu 41969 -0.001179 -0.005413 -0.144488
encoder 42016 0.000000 0.000000 0.000000 0.000000 0.000000
imu 42019 -0.003376 -0.001750 -0.052885
encoder 42066 0.000000 0.000000 0.000000 0.000000 0.000000
imu 42069 0.004436 0.002644 -0.007083
encoder 42116 0.000000 0.000000 0.000000 0.000000 0.000000
imu 42119 0.000774 0.001423 0.237192
encoder 42166 0.000000 0.000000 0.000000 0.000000 0.000000
imu 42169 0.000286 0.002400 -0.007083
encoder 42216 0.000000 0.000000 0.000000 0.000000 0.000000
imu 42219 -0.002888 0.005085 -0.083419
encoder 42266 0.000000 0.000000 0.000000 0.000000 0.000000
imu 42269 -0.002156 -0.001750 0.038718
encoder 42316 0.000000 0.000000 0.000000 0.000000 0.000000
imu 42319 -0.008503 -0.001750 0.221924
encoder 42366 0.000000 0.000000 0.000000 0.000000 0.000000
imu 42369 0.001750 -0.002971 -0.007083
encoder 42416 0.000000 0.000000 0.000000 0.000000 0.000000
imu 42419 -0.000691 0.004597 0.084520
encoder 42466 0.000000 0.000000 0.000000 0.000000 0.000000
imu 42469 0.002239 -0.003459 -0.144488
encoder 42516 0.000000 0.000000 0.000000 0.000000 0.000000
imu 42519 -0.005085 -0.000530 0.160856
encoder 42566 0.000000 0.000000 0.000000 0.000000 0.000000
imu 42569 0.001018 0.002888 0.130322
encoder 42616 0.000000 0.000000 0.000000 0.000000 0.000000
imu 42619 0.001750 0.006550 -0.022350
encoder 42666 0.000000 0.000000 0.000000 0.000000 0.000000
imu 42669 0.004924 -0.000042 -0.175022
encoder 42716 0.000000 0.000000 0.000000 0.000000 0.000000
imu 42719 -0.002156 0.000203 0.008184
encoder 42766 0.000000 0.000000 0.000000 0.000000 0.000000
imu 42769 -0.006550 -0.003215 -0.022350
encoder 42816 0.000000 0.000000 0.000000 0.000000 0.000000
imu 42818 0.001995 -0.003459 0.130322
encoder 42866 0.000000 0.000000 0.000000 0.000000 0.000000
imu 42869 0.007122 0.008259 0.053986
encoder 42916 0.000000 0.000000 0.000000 0.000000 0.000000
imu 42919 0.001506 0.001667 -0.022350
encoder 42966 0.000000 0.000000 0.000000 0.000000 0.000000
imu 42969 -0.005085 0.000691 -0.052885
encoder 43016 0.000000 0.000000 0.000000 0.000000 0.000000
imu 43019 -0.002644 -0.004192 0.069252
encoder 43066 0.000000 0.000000 0.000000 0.000000 0.000000
imu 43069 0.002483 0.003132 0.008184
encoder 43116 0.000000 0.000000 0.000000 0.000000 0.000000
imu 43119 0.002727 0.000447 0.359329
encoder 43166 0.000000 0.000000 0.000000 0.000000 0.000000
imu 43169 -0.002888 -0.004436 -0.037618
encoder 43216 0.000000 0.000000 0.000000 0.000000 0.000000
imu 43219 -0.007771 0.003376 0.115054
encoder 43266 0.000000 0.000000 0.000000 0.000000 0.000000
imu 43269 0.001750 -0.003704 -0.175022
encoder 43316 0.000000 0.000000 0.000000 0.000000 0.000000
imu 43319 0.001018 -0.000774 0.252459
encoder 43366 0.000000 0.000000 0.000000 0.000000 0.000000
imu 43369 0.004680 -0.006145 0.008184
encoder 43416 0.000000 0.000000 0.000000 0.000000 0.000000
imu 43419 -0.001667 -0.005168 0.023451
encoder 43466 0.000000 0.000000 0.000000 0.000000 0.000000
imu 43469 -0.002156 -0.005168 0.038718
encoder 43516 0.000000 0.000000 0.000000 0.000000 0.000000
imu 43519 0.000286 -0.002483 0.221924
encoder 43566 0.000000 0.000000 0.000000 0.000000 0.000000
imu 43569 -0.001179 0.001179 -0.190289
encoder 43616 0.000000 0.000000 0.000000 0.000000 0.000000
imu 43619 0.000286 -0.000774 0.115054
encoder 43666 0.000000 0.000000 0.000000 0.000000 0.000000
imu 43669 -0.000203 -0.004436 0.099787
encoder 43716 0.000000 0.000000 0.000000 0.000000 0.000000
imu 43719 -0.003621 0.002888 -0.129220
encoder 43766 0.000000 0.000000 0.000000 0.000000 0.000000
imu 43769 -0.002888 -0.001750 -0.068152
encoder 43816 0.000000 0.000000 0.000000 0.000000 0.000000
imu 43819 0.001262 -0.000774 0.038718
encoder 43866 0.000000 0.000000 0.000000 0.000000 0.000000
imu 43869 -0.003621 -0.003948 0.099787
encoder 43916 0.000000 0.000000 0.000000 0.000000 0.000000
imu 43919 0.002239 0.001179 0.115054
encoder 43966 0.000000 0.000000 0.000000 0.000000 0.000000
imu 43969 -0.002400 -0.001995 0.023451
encoder 44016 0.000000 0.000000 0.000000 0.000000 0.000000
imu 44019 0.001995 0.000935 -0.068152
encoder 44066 0.000000 0.000000 0.000000 0.000000 0.000000
imu 44069 0.002727 0.008992 0.023451
encoder 44116 0.000000 0.000000 0.000000 0.000000 0.000000
imu 44119 0.001506 -0.004924 0.084520
encoder 44166 0.000000 0.000000 0.000000 0.000000 0.000000
imu 44169 0.001018 0.002400 0.130322
encoder 44216 0.000000 0.000000 0.000000 0.000000 0.000000
imu 44219 -0.005085 0.001667 0.069252
encoder 44266 0.000000 0.000000 0.000000 0.000000 0.000000
imu 44269 0.001018 0.004353 0.084520
encoder 44316 0.000000 0.000000 0.000000 0.000000 0.000000
imu 44319 -0.003865 0.000935 -0.098686
encoder 44366 0.000000 0.000000 0.000000 0.000000 0.000000
imu 44369 -0.004353 -0.002483 0.099787
encoder 44416 0.000000 0.000000 0.000000 0.000000 0.000000
imu 44419 0.002971 -0.000286 0.176123
encoder 44466 0.000000 0.000000 0.000000 0.000000 0.000000
imu 44469 0.002239 -0.002239 0.176123
encoder 44516 0.000000 0.000000 0.000000 0.000000 0.000000
imu 44519 -0.000691 -0.005413 -0.052885
encoder 44566 0.000000 0.000000 0.000000 0.000000 0.000000
imu 44569 0.003215 0.002400 -0.113954
encoder 44616 0.000000 0.000000 0.000000 0.000000 0.000000
imu 44619 0.000774 -0.005657 0.008184
encoder 44666 0.000000 0.000000 0.000000 0.000000 0.000000
imu 44669 -0.003621 -0.000286 0.115054
encoder 44716 0.000000 0.000000 0.000000 0.000000 0.000000
imu 44719 -0.004353 0.002156 0.160856
encoder 44766 0.000000 0.000000 0.000000 0.000000 0.000000
imu 44769 0.002727 -0.001995 -0.037618
encoder 44816 0.000000 0.000000 0.000000 0.000000 0.000000
imu 44819 0.003704 -0.001018 -0.098686
encoder 44866 0.000000 0.000000 0.000000 0.000000 0.000000
imu 44869 0.002483 0.006550 -0.022350
encoder 44916 0.000000 0.000000 0.000000 0.000000 0.000000
imu 44919 -0.004109 0.001667 0.160856
encoder 44966 0.000000 0.000000 0.000000 0.000000 0.000000
imu 44969 -0.000691 -0.000042 0.176123
encoder 45016 0.000000 0.000000 0.000000 0.000000 0.000000
imu 45019 0.000042 0.001667 0.084520
encoder 45066 0.000000 0.000000 0.000000 0.000000 0.000000
imu 45069 0.007366 -0.000530 -0.052885
encoder 45116 0.000000 0.000000 0.000000 0.000000 0.000000
imu 45119 0.002483 -0.002239 -0.297160
encoder 45166 0.000000 0.000000 0.000000 0.000000 0.000000
imu 45169 -0.000935 -0.000042 -0.022350
encoder 45216 0.000000 0.000000 0.000000 0.000000 0.000000
imu 45219 0.003215 0.001912 0.176123
encoder 45266 0.000000 0.000000 0.000000 0.000000 0.000000
imu 45269 0.001506 -0.000286 -0.175022
encoder 45316 0.000000 0.000000 0.000000 0.000000 0.000000
imu 45319 -0.001912 0.003376 0.084520
encoder 45366 0.000000 0.000000 0.000000 0.000000 0.000000
imu 45369 0.001262 -0.003459 0.084520
encoder 45416 0.000000 0.000000 0.000000 0.000000 0.000000
imu 45419 0.002239 0.001667 0.145588
encoder 45466 0.000000 0.000000 0.000000 0.000000 0.000000
imu 45469 0.001750 0.000447 0.023451
encoder 45516 0.000000 0.000000 0.000000 0.000000 0.000000
imu 45519 -0.004109 -0.003704 -0.007083
encoder 45566 0.009664 0.000483 -0.009419 -9.714286 1.142857
imu 45569 0.044963 0.023152 -24.159756
encoder 45616 0.023906 0.001221 -0.013815 -19.428572 7.428571
imu 45619 0.015178 0.065632 -22.862045
encoder 45666 0.032044 0.001602 -0.010675 -22.857143 13.142858
imu 45669 -0.028279 0.036824 -6.449831
encoder 45716 0.038148 0.001907 -0.006907 -24.571428 18.285715
imu 45719 0.021526 0.021931 -3.930748
encoder 45766 0.043234 0.002187 -0.002512 -25.142857 23.428572
imu 45769 -0.047078 -0.045208 -1.655938
encoder 45816 0.046286 0.002314 0.000628 -25.714285 26.285715
imu 45819 -0.006306 -0.035442 -1.976549
encoder 45866 0.047812 0.002391 0.001256 -26.285715 27.428572
imu 45869 0.012981 0.023884 2.649405
encoder 45916 0.048829 0.002441 0.002512 -26.285715 28.571428
imu 45919 -0.035115 0.050007 4.115054
encoder 45966 0.048829 0.002492 0.002512 -26.285715 28.571428
imu 45969 0.013713 -0.024700 3.702840
encoder 46016 0.049338 0.002492 0.002512 -26.857143 28.571428
imu 46019 -0.033894 0.027058 0.588336
encoder 46066 0.049338 0.002467 0.001884 -26.857143 28.571428
imu 46069 0.062297 0.017537 6.679940
encoder 46116 0.050355 0.002518 0.003140 -26.857143 29.714285
imu 46119 0.021282 -0.035198 1.519634
encoder 46166 0.049338 0.002492 0.002512 -26.857143 28.571428
imu 46169 -0.046833 0.023396 0.756275
encoder 46216 0.050355 0.002518 0.001884 -27.428572 29.142857
imu 46219 0.033489 0.063435 8.710474
encoder 46266 0.050355 0.002518 0.001884 -27.428572 29.142857
imu 46269 0.037639 0.003621 1.748642
encoder 46316 0.050355 0.002518 0.001884 -27.428572 29.142857
imu 46319 0.009319 -0.009563 1.809711
encoder 46366 0.050355 0.002518 0.001884 -27.428572 29.142857
imu 46369 0.045208 0.026326 3.870779
encoder 46416 0.049847 0.002492 0.001256 -27.428572 28.571428
imu 46419 0.056926 -0.001750 2.557802
encoder 46466 0.050355 0.002543 0.001256 -27.428572 29.142857
imu 46469 0.062542 0.055623 2.176123
encoder 46517 0.050355 0.002543 0.002512 -27.428572 29.142857
imu 46519 0.039104 -0.045208 8.206657
encoder 46566 0.049847 0.002518 0.001256 -27.428572 28.571428
imu 46569 0.024211 -0.035930 -0.968915
encoder 46616 0.050355 0.002518 0.001884 -27.428572 29.142857
imu 46619 -0.030232 0.018513 2.725741
encoder 46666 0.050864 0.002543 0.001256 -28.000000 29.142857
imu 46669 -0.036580 0.038289 2.527268
encoder 46716 0.049847 0.002518 0.001256 -27.428572 28.571428
imu 46719 -0.004109 -0.087688 1.504367
encoder 46766 0.050355 0.002518 0.001884 -27.428572 29.142857
imu 46769 -0.031453 0.053669 -2.602503
encoder 46816 0.050355 0.002569 0.001884 -27.428572 29.142857
imu 46819 -0.065388 0.025837 -1.243724
encoder 46866 0.050355 0.002543 0.001256 -28.000000 28.571428
imu 46869 -0.022908 0.023884 3.489100
encoder 46916 0.049847 0.002518 0.001884 -27.428572 28.571428
imu 46919 0.049846 -0.049114 1.397497
encoder 46966 0.050355 0.002543 0.001256 -28.000000 28.571428
imu 46969 -0.090291 0.022908 1.458565
encoder 47016 0.050864 0.002543 0.001256 -28.000000 29.142857
imu 47019 0.077434 -0.021282 5.336428
encoder 47066 0.050355 0.002569 0.001884 -27.428572 29.142857
imu 47069 0.104778 -0.036418 6.527268
encoder 47116 0.049847 0.002543 0.001256 -27.428572 28.571428
imu 47119 -0.064900 -0.046184 4.954749
encoder 47166 0.050355 0.002518 0.001884 -27.428572 29.142857
imu 47169 0.113567 -0.015911 -0.770442
encoder 47216 0.051373 0.002569 0.001256 -28.000000 29.714285
imu 47219 0.002483 0.030232 2.542535
encoder 47266 0.050355 0.002569 0.001884 -27.428572 29.142857
imu 47269 0.004680 0.039509 1.718107
encoder 47316 0.050355 0.002543 0.001256 -27.428572 29.142857
imu 47319 -0.014851 0.001179 3.275360
encoder 47366 0.050355 0.002543 0.002512 -27.428572 29.142857
imu 47369 0.120159 -0.059856 1.733375
encoder 47416 0.050864 0.002569 0.000628 -28.000000 29.142857
imu 47419 0.015667 -0.036663 -2.052885
encoder 47466 0.050864 0.002569 0.001884 -27.428572 29.714285
imu 47469 0.018352 -0.022502 1.366962
encoder 47516 0.049847 0.002543 0.001256 -27.428572 28.571428
imu 47519 0.071819 0.009724 2.557802
encoder 47566 0.050355 0.002518 0.001884 -27.428572 29.142857
imu 47569 -0.028523 -0.000042 -2.846778
encoder 47616 0.051373 0.002594 0.001256 -28.000000 29.714285
imu 47619 -0.061482 0.024617 -0.358228
encoder 47666 0.050355 0.002518 0.001884 -27.428572 29.142857
imu 47669 -0.002888 -0.065715 3.092154
encoder 47716 0.050355 0.002569 0.001884 -27.428572 29.142857
imu 47719 0.016155 -0.015178 2.282993
encoder 47766 0.050355 0.002569 0.001884 -27.428572 29.142857
imu 47769 0.100383 -0.008342 3.626504
encoder 47816 0.050355 0.002543 0.001256 -27.428572 29.142857
imu 47819 -0.005574 0.065388 -0.312427
encoder 47866 0.050864 0.002543 0.002512 -27.428572 29.714285
imu 47869 0.149211 0.023152 1.687573
encoder 47916 0.050864 0.002594 0.001256 -28.000000 29.142857
imu 47919 -0.055623 0.017292 0.741008
encoder 47966 0.050355 0.002543 0.001256 -27.428572 29.142857
imu 47969 0.121868 0.051472 4.756276
encoder 48016 0.050864 0.002569 0.001884 -28.000000 29.142857
imu 48019 -0.074177 -0.028362 0.542535
encoder 48066 0.050864 0.002569 0.001256 -28.000000 29.142857
imu 48069 -0.111775 0.012410 2.252459
encoder 48116 0.050355 0.002518 0.001884 -27.428572 29.142857
imu 48119 -0.090291 0.008259 4.878413
encoder 48166 0.050864 0.002594 0.001256 -28.000000 29.142857
imu 48169 -0.007527 -0.008098 1.672306
encoder 48216 0.050355 0.002543 0.001256 -27.428572 29.142857
imu 48219 -0.027058 -0.037395 -0.785709
encoder 48266 0.050864 0.002543 0.001256 -28.000000 29.142857
imu 48269 0.007854 -0.025676 1.397497
encoder 48316 0.050864 0.002543 0.001884 -28.000000 29.142857
imu 48319 0.000530 -0.049358 -1.503266
encoder 48366 0.050355 0.002543 0.001256 -28.000000 28.571428
imu 48369 0.010051 -0.043743 -0.694106
encoder 48416 0.051373 0.002569 0.000628 -28.571428 29.142857
imu 48419 0.042522 -0.032268 1.214291
encoder 48466 0.050864 0.002543 0.001256 -28.000000 29.142857
imu 48469 -0.000935 -0.013713 -0.938381
encoder 48516 0.050864 0.002543 0.001884 -28.000000 29.142857
imu 48519 -0.078816 -0.022014 5.366962
encoder 48566 0.050864 0.002569 0.000628 -28.000000 29.142857
imu 48569 0.016643 0.004841 0.328794
encoder 48616 0.050355 0.002569 0.001884 -27.428572 29.142857
imu 48619 0.055217 0.028767 5.931848
encoder 48667 0.050864 0.002594 0.001256 -28.000000 29.142857
imu 48670 0.096233 0.053425 3.076886
encoder 48716 0.050355 0.002543 0.001256 -28.000000 28.571428
imu 48719 -0.020222 -0.107952 1.107420
encoder 48766 0.050864 0.002543 0.001256 -28.000000 29.142857
imu 48769 0.022991 0.080281 0.420398
encoder 48816 0.050864 0.002569 0.001884 -27.428572 29.714285
imu 48819 0.114543 -0.017131 2.664672
encoder 48866 0.050864 0.002543 0.001256 -28.000000 29.142857
imu 48869 -0.064412 0.022664 -2.068152
encoder 48916 0.050355 0.002543 0.001256 -28.000000 28.571428
imu 48919 0.072551 0.028767 -0.907846
encoder 48966 0.050864 0.002543 0.001256 -28.000000 29.142857
imu 48969 -0.036335 0.051228 4.695207
encoder 49016 0.050864 0.002594 0.001256 -28.000000 29.142857
imu 49019 -0.054646 0.003376 -0.144488
encoder 49066 0.050864 0.002543 0.001256 -28.000000 29.142857
imu 49069 -0.034382 -0.030315 -0.297160
encoder 49116 0.050864 0.002569 0.001884 -28.000000 29.142857
imu 49119 -0.073445 -0.088176 7.519634
encoder 49166 0.051373 0.002569 0.000628 -28.571428 29.142857
imu 49169 -0.019978 -0.003215 2.389863
encoder 49216 0.051373 0.002569 0.001884 -28.000000 29.714285
imu 49219 0.030071 -0.007610 -0.907846
encoder 49266 0.051373 0.002569 0.001884 -28.000000 29.714285
imu 49269 -0.004841 -0.019573 5.015818
encoder 49316 0.050864 0.002594 0.001256 -28.000000 29.142857
imu 49319 0.052288 0.033650 3.733375
encoder 49366 0.050355 0.002543 0.001256 -27.428572 29.142857
imu 49369 -0.041462 0.013875 0.130322
encoder 49416 0.050864 0.002543 0.001256 -28.000000 29.142857
imu 49419 0.041545 0.069783 5.244825
encoder 49466 0.051373 0.002569 0.001884 -28.000000 29.714285
imu 49469 -0.012166 0.005330 2.954749
encoder 49516 0.050864 0.002594 0.001256 -28.000000 29.142857
imu 49519 0.068645 -0.009075 -2.220824
encoder 49566 0.050355 0.002543 0.001256 -28.000000 28.571428
imu 49569 -0.021199 -0.086956 1.076886
encoder 49616 0.050864 0.002543 0.001256 -28.000000 29.142857
imu 49619 0.011760 -0.077678 1.092153
encoder 49666 0.051373 0.002569 0.001884 -28.000000 29.714285
imu 49669 0.097698 0.004597 -1.152122
encoder 49716 0.050864 0.002569 0.000628 -28.000000 29.142857
imu 49719 -0.039753 -0.001995 -3.533801
encoder 49766 0.050864 0.002543 0.001256 -28.000000 29.142857
imu 49769 -0.061482 0.013142 0.741008
encoder 49816 0.050864 0.002594 0.001256 -28.000000 29.142857
imu 49819 0.090618 0.004109 0.038718
encoder 49866 0.050864 0.002543 0.001256 -28.000000 29.142857
imu 49869 -0.010701 -0.001995 3.458566
encoder 49916 0.050864 0.002569 0.001256 -28.000000 29.142857
imu 49919 -0.076375 0.022908 2.145588
encoder 49966 0.050355 0.002543 0.001256 -27.428572 29.142857
imu 49969 -0.045613 -0.057170 3.641772
encoder 50016 0.050864 0.002569 0.001884 -28.000000 29.142857
imu 50019 -0.057820 0.012410 -1.747541
encoder 50066 0.050864 0.002569 0.000628 -28.000000 29.142857
imu 50069 0.108684 0.020710 3.321161
encoder 50116 0.050864 0.002569 0.001884 -27.428572 29.714285
imu 50119 -0.083699 0.001423 0.786810
encoder 50166 0.050864 0.002543 0.001256 -28.000000 29.142857
imu 50169 0.021282 -0.087444 -0.663572
encoder 50216 0.050864 0.002569 0.000628 -28.000000 29.142857
imu 50219 0.034709 -0.071575 -3.701740
encoder 50266 0.050864 0.002569 0.001884 -28.000000 29.142857
imu 50269 -0.047322 0.004109 4.252459
encoder 50316 0.050355 0.002569 0.000628 -28.000000 28.571428
imu 50319 -0.054158 0.015095 -0.052885
encoder 50366 0.050864 0.002543 0.001256 -28.000000 29.142857
imu 50369 0.027874 -0.041790 0.145588
encoder 50416 0.051373 0.002569 0.000628 -28.571428 29.142857
imu 50419 -0.097126 0.008259 4.145588
encoder 50466 0.050864 0.002569 0.000628 -28.000000 29.142857
imu 50469 0.036174 0.041951 -0.862045
encoder 50516 0.051373 0.002569 0.001884 -28.000000 29.714285
imu 50519 0.087688 0.007771 1.641772
encoder 50566 0.050864 0.002543 0.000628 -28.000000 29.142857
imu 50569 -0.066853 -0.028362 1.672306
encoder 50616 0.050864 0.002543 0.001256 -28.000000 29.142857
imu 50619 -0.000447 -0.032268 -1.335328
encoder 50666 0.051373 0.002569 0.001884 -28.000000 29.714285
imu 50669 0.057415 0.066365 -2.785709
encoder 50716 0.050864 0.002594 0.001256 -28.000000 29.142857
imu 50719 -0.041462 -0.001018 3.153222
encoder 50766 0.050864 0.002543 0.001256 -28.000000 29.142857
imu 50769 -0.082722 -0.009807 3.855512
encoder 50816 0.050864 0.002594 0.001256 -28.000000 29.142857
imu 50820 -0.028035 -0.025676 -2.724640
encoder 50866 0.050864 0.002543 0.001256 -28.000000 29.142857
imu 50869 -0.078816 -0.028606 5.550169
encoder 50916 0.050864 0.002569 0.001256 -28.000000 29.142857
imu 50919 0.023723 0.020710 6.069252
encoder 50966 0.050355 0.002518 0.001256 -28.000000 28.571428
imu 50969 -0.021931 -0.007122 -1.014717
encoder 51016 0.050864 0.002543 0.001256 -28.000000 29.142857
imu 51019 0.011516 -0.012737 1.886046
encoder 51066 0.050864 0.002594 0.001256 -28.000000 29.142857
imu 51069 -0.105183 -0.040813 1.672306
encoder 51116 0.050864 0.002543 0.001256 -28.000000 29.142857
imu 51119 -0.020222 -0.083293 -3.915480
encoder 51166 0.050864 0.002543 0.001256 -28.000000 29.142857
imu 51169 -0.050251 0.017048 1.397497
encoder 51216 0.050864 0.002594 0.001256 -28.000000 29.142857
imu 51219 -0.024373 0.014363 1.870779
encoder 51266 0.050864 0.002569 0.001256 -28.000000 29.142857
imu 51269 0.104045 -0.013469 -4.755175
encoder 51316 0.050864 0.002543 0.001884 -28.000000 29.142857
imu 51319 0.015911 -0.066448 4.328794
encoder 51366 0.050864 0.002543 0.001256 -28.000000 29.142857
imu 51369 -0.001179 -0.012493 6.695207
encoder 51416 0.051881 0.002594 0.001256 -28.571428 29.714285
imu 51419 0.082805 0.017781 4.420398
encoder 51466 0.051373 0.002594 0.001256 -28.000000 29.714285
imu 51469 0.036418 -0.032024 0.557802
encoder 51516 0.050864 0.002543 0.001256 -28.000000 29.142857
imu 51519 0.001262 -0.051067 7.092154
encoder 51566 0.051881 0.002594 0.001256 -28.571428 29.714285
imu 51569 0.003948 -0.030803 1.229558
encoder 51616 0.050864 0.002543 0.001256 -28.000000 29.142857
imu 51619 0.063762 0.006550 1.611237
encoder 51666 0.050864 0.002543 0.001256 -28.000000 29.142857
imu 51669 -0.057576 0.040974 -0.770442
encoder 51716 0.051373 0.002594 0.001256 -28.000000 29.714285
imu 51719 0.089153 -0.024456 -1.930748
encoder 51766 0.051373 0.002569 0.001884 -28.000000 29.714285
imu 51769 -0.059041 0.012898 1.931848
encoder 51816 0.050864 0.002569 0.001884 -28.000000 29.142857
imu 51819 0.058879 0.008259 2.588336
encoder 51866 0.051373 0.002569 0.000628 -28.571428 29.142857
imu 51869 0.075481 0.055378 -3.717007
encoder 51916 0.050864 0.002569 0.000628 -28.000000 29.142857
imu 51919 -0.014607 -0.041057 0.038718
encoder 51966 0.050864 0.002543 0.001256 -28.000000 29.142857
imu 51969 -0.139119 -0.062541 4.130322
encoder 52016 0.050864 0.002543 0.000628 -28.000000 29.142857
imu 52019 0.037639 0.013386 2.191390
encoder 52066 0.051373 0.002569 0.001884 -28.000000 29.714285
imu 52069 0.081829 -0.000286 3.366962
encoder 52116 0.050864 0.002543 0.001884 -28.000000 29.142857
imu 52119 0.007610 -0.019329 -1.075786
encoder 52166 0.050355 0.002569 0.000628 -28.000000 28.571428
imu 52169 -0.003132 -0.005901 -0.342961
encoder 52216 0.050864 0.002543 0.001256 -28.000000 29.142857
imu 52219 0.022991 0.032917 3.458566
encoder 52266 0.051373 0.002569 0.000628 -28.571428 29.142857
imu 52269 -0.062947 0.027791 0.206657
encoder 52316 0.050864 0.002569 0.000628 -28.000000 29.142857
imu 52319 0.065715 0.056599 0.618871
encoder 52366 0.050864 0.002569 0.001884 -28.000000 29.142857
imu 52369 0.025432 -0.054973 2.954749
encoder 52416 0.050355 0.002543 0.000000 -28.000000 28.571428
imu 52419 0.017375 -0.083538 0.298260
encoder 52466 0.050864 0.002569 0.001884 -28.000000 29.142857
imu 52469 0.126506 -0.003948 2.679940
encoder 52516 0.050864 0.002569 0.000628 -28.571428 28.571428
imu 52519 0.048381 -0.036174 -1.274259
encoder 52566 0.051373 0.002569 0.000628 -28.571428 29.142857
imu 52569 -0.038289 -0.113323 -3.350595
encoder 52616 0.050355 0.002543 0.001256 -28.000000 28.571428
imu 52619 0.041790 -0.055950 0.206657
encoder 52666 0.051373 0.002569 0.000628 -28.571428 29.142857
imu 52669 -0.001423 0.049519 2.405130
encoder 52716 0.050864 0.002594 0.001256 -28.000000 29.142857
imu 52719 -0.060750 -0.033489 -2.404030
encoder 52766 0.050355 0.002543 0.001256 -28.000000 28.571428
imu 52769 0.151409 -0.002483 1.687573
encoder 52816 0.050864 0.002543 0.001256 -28.000000 29.142857
imu 52819 0.008342 0.027791 5.779176
encoder 52866 0.051373 0.002594 0.001256 -28.000000 29.714285
imu 52869 0.083782 0.003132 2.298260
encoder 52916 0.050864 0.002543 0.001256 -28.000000 29.142857
imu 52919 -0.040730 -0.009563 1.366962
encoder 52966 0.050355 0.002518 0.001256 -28.000000 28.571428
imu 52970 0.032024 -0.049846 6.542535
encoder 53016 0.050864 0.002569 0.000628 -28.000000 29.142857
imu 53019 0.016399 -0.047893 4.496734
encoder 53066 0.050864 0.002543 0.001256 -28.000000 29.142857
imu 53069 -0.001423 -0.023479 -1.411664
encoder 53116 0.050864 0.002543 0.001256 -28.000000 29.142857
imu 53119 0.097942 0.016072 3.794443
encoder 53166 0.051373 0.002594 0.001256 -28.000000 29.714285
imu 53169 0.034221 -0.049846 -0.022350
encoder 53216 0.051373 0.002569 0.001884 -28.000000 29.714285
imu 53219 0.020793 -0.082805 -0.663572
encoder 53266 0.050355 0.002543 0.001256 -27.428572 29.142857
imu 53269 0.140911 0.028279 1.076886
encoder 53316 0.050864 0.002569 0.001884 -28.000000 29.142857
imu 53319 0.014202 0.068318 3.305894
encoder 53366 0.050864 0.002569 0.000628 -28.000000 29.142857
imu 53369 0.043743 0.016560 0.206657
encoder 53416 0.050355 0.002543 0.001256 -27.428572 29.142857
imu 53419 0.104534 -0.056194 3.153222
encoder 53466 0.050355 0.002518 0.001256 -28.000000 28.571428
imu 53469 -0.030964 -0.040813 3.229558
encoder 53516 0.051373 0.002569 0.000628 -28.571428 29.142857
imu 53519 0.029338 -0.046428 -0.144488
encoder 53566 0.050864 0.002543 0.001256 -28.000000 29.142857
imu 53569 0.059368 -0.030315 1.183756
encoder 53616 0.050864 0.002569 0.000628 -28.000000 29.142857
imu 53619 0.040569 -0.104290 0.206657
encoder 53666 0.050864 0.002543 0.001256 -28.000000 29.142857
imu 53669 0.047893 -0.009075 -0.251358
encoder 53716 0.050864 0.002569 0.000628 -28.000000 29.142857
imu 53719 0.009563 0.034871 1.580703
encoder 53766 0.050864 0.002543 0.001884 -28.000000 29.142857
imu 53769 -0.115925 0.057820 5.977650
encoder 53816 0.050864 0.002543 0.001256 -28.000000 29.142857
imu 53819 0.007122 -0.000286 3.458566
encoder 53866 0.051373 0.002569 0.001884 -28.000000 29.714285
imu 53869 -0.008015 -0.046917 1.977649
encoder 53916 0.050355 0.002543 0.001256 -27.428572 29.142857
imu 53919 0.018596 0.033162 3.840245
encoder 53966 0.050864 0.002569 0.001884 -28.000000 29.142857
imu 53969 0.140422 -0.078655 5.214291
encoder 54016 0.051373 0.002569 0.000628 -28.571428 29.142857
imu 54019 -0.020955 0.038044 -1.671206
encoder 54066 0.050864 0.002594 0.001256 -28.000000 29.142857
imu 54069 0.021770 0.026570 2.802077
encoder 54116 0.050864 0.002543 0.001256 -28.000000 29.142857
imu 54119 0.003215 0.000935 -1.487999
encoder 54166 0.050864 0.002543 0.000628 -28.000000 29.142857
imu 54169 0.022747 -0.002239 -4.648304
encoder 54216 0.051373 0.002569 0.001884 -28.000000 29.714285
imu 54219 0.023479 0.039998 -4.098687
encoder 54266 0.050864 0.002543 0.000628 -28.000000 29.142857
imu 54269 0.016399 0.022175 0.893680
encoder 54316 0.050864 0.002543 0.001256 -28.000000 29.142857
imu 54319 0.159465 -0.019573 0.970016
encoder 54366 0.050864 0.002543 0.001256 -28.000000 29.142857
imu 54369 -0.036580 0.056111 1.092153
encoder 54416 0.051373 0.002569 0.000628 -28.571428 29.142857
imu 54419 -0.017292 -0.003459 5.351696
encoder 54466 0.051373 0.002569 0.000628 -28.571428 29.142857
imu 54469 0.036174 -0.026165 2.191390
encoder 54516 0.050864 0.002569 0.000628 -28.000000 29.142857
imu 54519 -0.012898 -0.020549 0.725741
encoder 54566 0.050355 0.002569 0.001884 -27.428572 29.142857
imu 54569 0.111614 -0.036663 3.382230
encoder 54616 0.050355 0.002518 0.000628 -28.000000 28.571428
imu 54619 0.114543 0.055623 0.970016
encoder 54666 0.051373 0.002594 0.001256 -28.571428 29.142857
imu 54669 -0.069539 0.042927 1.122688
encoder 54716 0.050355 0.002518 0.000628 -28.000000 28.571428
imu 54719 0.051067 0.036824 8.191390
encoder 54766 0.050864 0.002543 0.001256 -28.000000 29.142857
imu 54769 0.042278 0.089314 1.366962
encoder 54816 0.051373 0.002569 0.000628 -28.571428 29.142857
imu 54819 -0.077351 -0.038127 1.076886
encoder 54866 0.050355 0.002543 0.001256 -27.428572 29.142857
imu 54869 0.053997 -0.040813 4.863146
encoder 54916 0.051373 0.002569 0.001884 -28.000000 29.714285
imu 54919 -0.011189 -0.045208 3.412764
encoder 54966 0.050864 0.002543 0.001256 -28.000000 29.142857
imu 54969 0.005413 -0.000042 -4.129220
encoder 55016 0.050864 0.002543 0.000628 -28.000000 29.142857
imu 55019 0.014202 0.014851 3.718108
encoder 55066 0.050864 0.002543 0.001256 -28.000000 29.142857
imu 55069 0.023479 -0.020793 0.695207
encoder 55116 0.050864 0.002569 0.000628 -28.000000 29.142857
imu 55119 -0.033894 -0.024944 -1.503266
encoder 55166 0.050355 0.002543 0.001256 -27.428572 29.142857
imu 55169 -0.083699 -0.020549 2.771543
encoder 55216 0.050355 0.002518 0.000628 -28.000000 28.571428
imu 55219 0.009563 -0.015911 2.878413
encoder 55266 0.051373 0.002569 0.001884 -28.000000 29.714285
imu 55269 0.020549 -0.062053 4.420398
encoder 55316 0.050864 0.002543 0.001256 -28.000000 29.142857
imu 55319 0.052532 -0.067913 4.939482
encoder 55366 0.050864 0.002543 0.001256 -28.000000 29.142857
imu 55369 -0.089802 -0.107219 3.214291
encoder 55416 0.050864 0.002543 0.001256 -28.000000 29.142857
imu 55419 -0.042683 0.005085 -0.831511
encoder 55466 0.001017 0.002543 0.001256 -28.000000 29.142857
imu 55469 -0.027791 -0.041057 -2.694106
encoder 55516 0.001526 0.002162 0.001884 -23.428572 25.142857
imu 55519 -0.012654 0.029011 4.038718
encoder 55566 0.001526 0.001373 0.001256 -14.285714 16.000000
imu 55569 0.007610 0.003132 2.725741
encoder 55616 0.002543 0.000585 0.003140 -5.142857 8.000000
imu 55619 0.001018 -0.022747 3.611237
encoder 55666 0.000509 0.000076 0.000628 -0.571429 1.142857
imu 55669 0.032756 -0.019329 -0.419297
encoder 55716 0.000000 0.000000 0.000000 0.000000 0.000000
imu 55719 0.014690 -0.007122 -0.007083
encoder 55766 0.000000 0.000000 0.000000 0.000000 0.000000
imu 55769 0.016643 -0.009807 -0.007083
encoder 55816 0.000000 0.000000 0.000000 0.000000 0.000000
imu 55819 0.020061 -0.012493 0.115054
encoder 55866 0.000000 0.000000 0.000000 0.000000 0.000000
imu 55869 0.016643 -0.012004 0.038718
encoder 55916 0.000000 0.000000 0.000000 0.000000 0.000000
imu 55919 0.008098 -0.012981 0.084520
encoder 55966 0.000000 0.000000 0.000000 0.000000 0.000000
imu 55969 0.013225 -0.015422 0.206657
encoder 56016 0.000000 0.000000 0.000000 0.000000 0.000000
imu 56019 0.014202 -0.013958 0.099787
encoder 56066 0.000000 0.000000 0.000000 0.000000 0.000000
imu 56069 0.016887 -0.018108 0.160856
encoder 56116 0.000000 0.000000 0.000000 0.000000 0.000000
imu 56119 0.017131 -0.011272 -0.037618
encoder 56166 0.000000 0.000000 0.000000 0.000000 0.000000
imu 56169 0.013958 -0.004436 -0.022350
encoder 56216 0.000000 0.000000 0.000000 0.000000 0.000000
imu 56219 0.017620 -0.012249 0.053986
encoder 56266 0.000000 0.000000 0.000000 0.000000 0.000000
imu 56269 0.013469 -0.014202 -0.068152
encoder 56316 0.000000 0.000000 0.000000 0.000000 0.000000
imu 56319 0.014446 -0.012493 0.191390
encoder 56366 0.000000 0.000000 0.000000 0.000000 0.000000
imu 56369 0.013225 -0.012981 -0.052885
encoder 56416 0.000000 0.000000 0.000000 0.000000 0.000000
imu 56419 0.013958 -0.013225 0.023451
encoder 56466 0.000000 0.000000 0.000000 0.000000 0.000000
imu 56469 0.014446 -0.011272 0.023451
encoder 56516 0.000000 0.000000 0.000000 0.000000 0.000000
imu 56519 0.019084 -0.017620 0.038718
encoder 56566 0.000000 0.000000 0.000000 0.000000 0.000000
imu 56569 0.014934 -0.014202 0.298260
encoder 56616 0.000000 0.000000 0.000000 0.000000 0.000000
imu 56619 0.013958 -0.009563 -0.083419
encoder 56666 0.000000 0.000000 0.000000 0.000000 0.000000
imu 56669 0.010295 -0.006633 -0.052885
encoder 56716 0.000000 0.000000 0.000000 0.000000 0.000000
imu 56719 0.019817 -0.013958 -0.159755
encoder 56766 0.000000 0.000000 0.000000 0.000000 0.000000
imu 56769 0.015667 -0.010051 0.191390
encoder 56816 0.000000 0.000000 0.000000 0.000000 0.000000
imu 56819 0.014934 -0.009807 0.221924
encoder 56866 0.000000 0.000000 0.000000 0.000000 0.000000
imu 56869 0.012493 -0.010051 0.084520
encoder 56916 0.000000 0.000000 0.000000 0.000000 0.000000
imu 56919 0.014446 -0.013958 -0.113954
encoder 56966 0.000000 0.000000 0.000000 0.000000 0.000000
imu 56969 0.018596 -0.009807 -0.129220
encoder 57016 0.000000 0.000000 0.000000 0.000000 0.000000
imu 57019 0.014690 -0.015422 -0.129220
encoder 57066 0.000000 0.000000 0.000000 0.000000 0.000000
imu 57069 0.019817 -0.013958 0.084520
