encoder 92216 0.000000 0.000000 0.000000 0.000000 0.000000
imu 92219 0.000530 0.000691 0.176123
encoder 92266 0.000000 0.000000 0.000000 0.000000 0.000000
imu 92269 -0.001667 -0.002727 0.176123
encoder 92316 0.000000 0.000000 0.000000 0.000000 0.000000
imu 92319 0.000774 -0.002727 0.038718
encoder 92366 0.000000 0.000000 0.000000 0.000000 0.000000
imu 92369 0.001995 0.000447 -0.052885
encoder 92416 0.000000 0.000000 0.000000 0.000000 0.000000
imu 92419 -0.003132 0.002156 0.115054
encoder 92466 0.000000 0.000000 0.000000 0.000000 0.000000
imu 92469 0.003459 -0.001750 -0.251358
encoder 92516 0.000000 0.000000 0.000000 0.000000 0.000000
imu 92519 0.004680 0.005085 0.038718
encoder 92566 0.000000 0.000000 0.000000 0.000000 0.000000
imu 92569 0.000286 0.006550 0.237192
encoder 92616 0.000000 0.000000 0.000000 0.000000 0.000000
imu 92619 0.001750 -0.000774 0.053986
encoder 92666 0.000000 0.000000 0.000000 0.000000 0.000000
imu 92669 -0.004597 -0.003459 0.053986
encoder 92716 0.000000 0.000000 0.000000 0.000000 0.000000
imu 92719 -0.000203 0.000447 0.084520
encoder 92766 0.000000 0.000000 0.000000 0.000000 0.000000
imu 92769 0.000286 -0.003948 0.221924
encoder 92816 0.000000 0.000000 0.000000 0.000000 0.000000
imu 92819 -0.002156 0.003865 0.115054
encoder 92866 0.000000 0.000000 0.000000 0.000000 0.000000
imu 92869 -0.000203 0.005085 0.023451
encoder 92916 0.000000 0.000000 0.000000 0.000000 0.000000
imu 92919 0.002971 -0.003704 0.160856
encoder 92966 0.008647 0.000432 -0.009419 -9.142858 0.571429
imu 92969 0.033000 -0.007854 -15.029985
encoder 93016 0.020854 0.001068 -0.018838 -20.000000 3.428571
imu 93019 0.054241 -0.032512 -29.839146
encoder 93066 0.031536 0.001577 -0.013815 -24.000000 11.428572
imu 93069 0.048381 -0.007610 -11.518534
encoder 93116 0.038148 0.001933 -0.010047 -25.714285 17.142857
imu 93119 0.008098 -0.028118 -8.617771
encoder 93166 0.044252 0.002213 -0.004396 -26.857143 22.857143
imu 93169 0.051555 -0.069377 -2.877312
encoder 93216 0.047303 0.002365 -0.001256 -27.428572 25.714285
imu 93219 -0.005085 0.079792 -5.533801
encoder 93266 0.048321 0.002416 -0.000628 -27.428572 26.857143
imu 93269 -0.000691 0.069050 1.275359
encoder 93316 0.049847 0.002492 0.000000 -28.000000 28.000000
imu 93319 -0.022908 -0.060344 2.603604
encoder 93366 0.050355 0.002518 0.000628 -28.000000 28.571428
imu 93369 0.079875 -0.030071 -0.480366
encoder 93417 0.050864 0.002569 0.001884 -28.000000 29.142857
imu 93420 0.046184 -0.051555 0.832611
encoder 93466 0.049338 0.002518 0.000628 -27.428572 28.000000
imu 93469 0.047161 -0.034221 -2.388762
encoder 93516 0.050355 0.002518 0.000628 -28.000000 28.571428
imu 93519 0.064250 -0.012249 -0.755175
encoder 93566 0.050355 0.002543 0.001256 -27.428572 29.142857
imu 93569 -0.020466 0.034871 -0.434564
encoder 93616 0.050864 0.002543 0.001256 -28.000000 29.142857
imu 93619 0.082317 0.017781 1.809711
encoder 93666 0.050355 0.002543 0.001256 -28.000000 28.571428
imu 93669 0.003948 -0.014690 0.741008
encoder 93716 0.050355 0.002543 0.001256 -28.000000 28.571428
imu 93719 -0.064656 -0.025432 2.573070
encoder 93766 0.049847 0.002543 0.001256 -27.428572 28.571428
imu 93769 -0.004841 0.009480 -3.778076
encoder 93816 0.050864 0.002543 0.001256 -28.000000 29.142857
imu 93819 -0.009480 -0.047161 0.405130
encoder 93866 0.050355 0.002569 0.000628 -28.000000 28.571428
imu 93869 0.014934 -0.045452 -2.892580
encoder 93916 0.049847 0.002518 0.001884 -27.428572 28.571428
imu 93919 -0.075154 0.004597 2.252459
encoder 93966 0.050355 0.002518 0.000628 -28.000000 28.571428
imu 93969 0.008342 -0.010784 -0.251358
encoder 94016 0.050355 0.002518 0.001256 -27.428572 29.142857
imu 94019 -0.030476 -0.061565 2.237191
encoder 94066 0.050355 0.002543 0.001256 -27.428572 29.142857
imu 94069 0.049114 0.012654 1.947115
encoder 94116 0.050864 0.002543 0.001256 -28.000000 29.142857
imu 94119 -0.077351 0.034626 4.267726
encoder 94166 0.050864 0.002543 0.001256 -28.000000 29.142857
imu 94169 0.012493 0.045369 2.939482
encoder 94216 0.050355 0.002543 0.001256 -28.000000 28.571428
imu 94219 -0.013630 -0.020061 0.450932
encoder 94266 0.049847 0.002518 0.001256 -27.428572 28.571428
imu 94269 0.041301 -0.001750 4.389863
encoder 94316 0.049847 0.002518 0.000628 -27.428572 28.571428
imu 94319 -0.020466 -0.065227 -0.007083
encoder 94366 0.049847 0.002543 0.001256 -27.428572 28.571428
imu 94369 0.086223 0.025105 4.069252
encoder 94416 0.050355 0.002543 0.001256 -28.000000 28.571428
imu 94419 0.073284 0.053181 3.962382
encoder 94466 0.050355 0.002543 0.001256 -28.000000 28.571428
imu 94469 -0.036091 -0.011272 1.031085
encoder 94516 0.049847 0.002543 0.001256 -27.428572 28.571428
imu 94519 -0.029988 -0.012493 2.053985
encoder 94566 0.050355 0.002543 0.001256 -28.000000 28.571428
imu 94569 -0.090291 -0.015422 0.221924
encoder 94616 0.050864 0.002543 0.001256 -28.000000 29.142857
imu 94619 -0.029011 0.012166 1.061619
encoder 94666 0.050864 0.002543 0.001256 -28.000000 29.142857
imu 94670 0.016155 -0.002483 -0.175022
encoder 94716 0.049847 0.002518 0.000628 -27.428572 28.571428
imu 94719 0.010295 -0.070110 0.496733
encoder 94766 0.050355 0.002543 0.001256 -27.428572 29.142857
imu 94769 -0.036824 0.023640 -2.449831
encoder 94816 0.050355 0.002543 0.001256 -28.000000 28.571428
imu 94819 -0.066121 -0.022014 -2.816244
encoder 94866 0.050864 0.002543 0.001256 -28.000000 29.142857
imu 94869 0.058391 -0.008098 6.084520
encoder 94916 0.050864 0.002569 0.000628 -28.000000 29.142857
imu 94919 0.006389 -0.024944 0.847878
encoder 94966 0.050355 0.002518 0.000628 -28.000000 28.571428
imu 94969 -0.014119 -0.032512 -0.877312
encoder 95016 0.050864 0.002543 0.000628 -28.000000 29.142857
imu 95019 0.059368 -0.019573 6.527268
encoder 95066 0.050355 0.002543 0.001256 -27.428572 29.142857
imu 95069 -0.058552 -0.021526 2.695207
encoder 95116 0.050864 0.002543 0.001256 -28.000000 29.142857
imu 95119 0.000530 0.053181 -8.068151
encoder 95166 0.051373 0.002569 0.001884 -28.000000 29.714285
imu 95169 -0.007771 -0.098918 3.229558
encoder 95216 0.050355 0.002569 0.001884 -27.428572 29.142857
imu 95219 -0.006794 0.057576 -1.610137
encoder 95266 0.050864 0.002543 0.001256 -28.000000 29.142857
imu 95269 0.046917 -0.041301 -0.648304
encoder 95316 0.051373 0.002569 0.000628 -28.571428 29.142857
imu 95319 0.007366 0.010945 5.366962
encoder 95366 0.051373 0.002569 0.001884 -28.000000 29.714285
imu 95369 -0.012654 0.022908 4.542535
encoder 95416 0.050864 0.002569 0.000628 -28.000000 29.142857
imu 95419 0.021038 -0.048381 -0.846778
encoder 95466 0.050355 0.002543 0.001256 -28.000000 28.571428
imu 95469 -0.083210 -0.108684 5.321161
encoder 95516 0.051373 0.002569 0.000628 -28.571428 29.142857
imu 95519 -0.042683 -0.052532 4.191390
encoder 95566 0.050864 0.002543 0.001256 -28.000000 29.142857
imu 95570 -0.028279 -0.057659 -3.243724
encoder 95616 0.050864 0.002543 0.001256 -28.000000 29.142857
imu 95619 -0.073201 0.059773 -1.640671
encoder 95666 0.050864 0.002569 0.000628 -28.571428 28.571428
imu 95669 0.058391 -0.006145 -0.037618
encoder 95716 0.050864 0.002543 0.001256 -28.000000 29.142857
imu 95719 -0.027058 0.005818 -4.953648
encoder 95766 0.050355 0.002543 0.001256 -28.000000 28.571428
imu 95769 0.000286 -0.104534 0.008184
encoder 95816 0.050864 0.002543 0.001256 -28.000000 29.142857
imu 95819 0.020793 0.032429 0.237192
encoder 95866 0.050864 0.002543 0.001256 -28.000000 29.142857
imu 95869 -0.013386 -0.026165 2.741008
encoder 95916 0.051373 0.002569 0.000628 -28.571428 29.142857
imu 95919 0.060100 -0.039104 2.512001
encoder 95966 0.050864 0.002569 0.001256 -28.000000 29.142857
imu 95969 0.096721 0.021199 -0.495633
encoder 96016 0.050355 0.002518 0.000628 -28.000000 28.571428
imu 96019 0.129436 0.001423 3.641772
encoder 96066 0.051373 0.002594 0.001256 -28.571428 29.142857
imu 96069 -0.019734 -0.046672 1.061619
encoder 96116 0.050355 0.002518 0.001256 -28.000000 28.571428
imu 96119 -0.004353 0.047322 5.748642
encoder 96166 0.050864 0.002543 0.001256 -28.000000 29.142857
imu 96169 0.028850 0.062947 0.603604
encoder 96216 0.051373 0.002569 0.000628 -28.571428 29.142857
imu 96219 0.003704 -0.036663 -1.717007
encoder 96266 0.050864 0.002543 0.000628 -28.000000 29.142857
imu 96269 0.060588 0.028279 2.832612
encoder 96316 0.050355 0.002543 0.001256 -27.428572 29.142857
imu 96319 -0.035359 -0.127727 0.847878
encoder 96366 0.050864 0.002543 0.001256 -28.000000 29.142857
imu 96369 -0.008748 -0.014446 0.939481
encoder 96416 0.050864 0.002569 0.000628 -28.000000 29.142857
imu 96419 -0.074177 0.041462 -0.556702
encoder 96466 0.050864 0.002543 0.001256 -28.000000 29.142857
imu 96469 -0.014851 -0.008586 3.397497
encoder 96516 0.050864 0.002543 0.001884 -28.000000 29.142857
imu 96519 0.035686 -0.023235 -0.342961
encoder 96566 0.050355 0.002518 0.000000 -28.000000 28.571428
imu 96569 -0.043171 0.012410 -4.648304
encoder 96616 0.050864 0.002569 0.001884 -27.428572 29.714285
imu 96619 -0.042927 -0.046428 1.718107
encoder 96666 0.050355 0.002518 0.001256 -28.000000 28.571428
imu 96669 0.099895 -0.022747 -1.472732
encoder 96716 0.050355 0.002543 0.001256 -28.000000 28.571428
imu 96719 -0.064412 0.032673 0.695207
encoder 96766 0.049847 0.002543 0.001256 -27.428572 28.571428
imu 96769 0.024211 0.097371 2.344062
encoder 96816 0.050864 0.002543 0.001256 -28.000000 29.142857
imu 96819 0.083538 -0.044963 3.031085
encoder 96866 0.050864 0.002594 0.001256 -28.000000 29.142857
imu 96869 0.050579 -0.034221 -2.633038
encoder 96916 0.050355 0.002543 0.001256 -28.000000 28.571428
imu 96919 -0.000447 0.003376 7.260092
encoder 96966 0.050864 0.002543 0.001256 -28.000000 29.142857
imu 96969 0.056682 -0.049114 1.809711
encoder 97016 0.051373 0.002569 0.000628 -28.571428 29.142857
imu 97019 -0.052693 -0.050090 -5.365862
encoder 97066 0.051373 0.002569 0.000628 -28.571428 29.142857
imu 97069 -0.007039 -0.006389 3.214291
encoder 97116 0.050864 0.002543 0.001256 -28.000000 29.142857
imu 97119 0.033489 0.009724 0.252459
encoder 97166 0.050864 0.002594 0.001256 -28.000000 29.142857
imu 97169 -0.031453 -0.014446 -3.671205
encoder 97216 0.050864 0.002543 0.001256 -28.000000 29.142857
imu 97219 -0.053914 0.057087 1.519634
encoder 97266 0.050864 0.002569 0.000628 -28.000000 29.142857
imu 97269 0.018840 -0.038616 7.137955
encoder 97316 0.051373 0.002569 0.001884 -28.000000 29.714285
imu 97319 -0.010212 0.013875 -0.892580
encoder 97366 0.050864 0.002569 0.000628 -28.000000 29.142857
imu 97369 0.078655 -0.102825 0.893680
encoder 97416 0.050864 0.002543 0.001256 -28.000000 29.142857
imu 97419 0.009563 -0.001262 2.450932
encoder 97466 0.051373 0.002594 0.001256 -28.571428 29.142857
imu 97469 -0.019246 0.003376 -3.839144
encoder 97516 0.050864 0.002543 0.001256 -28.000000 29.142857
imu 97519 0.077678 -0.032756 0.496733
encoder 97566 0.050864 0.002543 0.001256 -28.000000 29.142857
imu 97569 -0.002888 0.018025 1.458565
encoder 97616 0.051373 0.002569 0.000628 -28.571428 29.142857
imu 97619 0.025432 0.026570 -0.984182
encoder 97666 0.050355 0.002543 0.000000 -28.000000 28.571428
imu 97669 0.140666 -0.062541 2.130321
encoder 97716 0.050355 0.002543 0.001256 -27.428572 29.142857
imu 97720 -0.016560 0.025105 3.702840
encoder 97766 0.050864 0.002543 0.001256 -28.000000 29.142857
imu 97769 0.016643 0.009236 5.229558
encoder 97816 0.051373 0.002569 0.000628 -28.571428 29.142857
imu 97819 -0.027546 0.026570 0.282993
encoder 97866 0.050864 0.002543 0.001256 -28.000000 29.142857
imu 97869 -0.042927 0.043660 1.733375
encoder 97916 0.050355 0.002569 0.000628 -28.000000 28.571428
imu 97919 0.114543 -0.031536 5.641772
encoder 97966 0.050864 0.002543 0.001256 -28.000000 29.142857
imu 97969 0.003215 0.012410 0.512001
encoder 98016 0.050864 0.002543 0.001256 -28.000000 29.142857
imu 98019 0.004680 -0.002727 4.176123
encoder 98066 0.050864 0.002543 0.001256 -28.000000 29.142857
imu 98069 0.084514 0.141316 -4.297160
encoder 98116 0.050355 0.002543 0.001256 -28.000000 28.571428
imu 98119 -0.029988 -0.053752 0.237192
encoder 98166 0.050355 0.002569 0.000628 -28.000000 28.571428
imu 98169 -0.083455 -0.003948 4.649405
encoder 98216 0.049847 0.002518 0.000628 -27.428572 28.571428
imu 98219 0.159709 -0.126995 1.489100
encoder 98266 0.050864 0.002569 0.001884 -28.000000 29.142857
imu 98269 0.000042 0.005330 -0.556702
encoder 98316 0.050355 0.002518 0.000628 -28.000000 28.571428
imu 98319 -0.018025 -0.026897 3.015818
encoder 98366 0.050864 0.002594 0.001256 -28.000000 29.142857
imu 98369 0.059368 -0.028362 1.794443
encoder 98416 0.050355 0.002518 0.000628 -28.000000 28.571428
imu 98419 -0.019490 0.030232 -0.312427
encoder 98466 0.051373 0.002569 0.000628 -28.571428 29.142857
imu 98469 -0.072468 -0.022014 0.359329
encoder 98516 0.050864 0.002543 0.001256 -28.000000 29.142857
imu 98519 -0.025837 0.009480 -1.579602
encoder 98566 0.050864 0.002594 0.001256 -28.000000 29.142857
imu 98569 -0.094685 -0.007610 -0.190289
encoder 98616 0.050355 0.002543 0.001256 -28.000000 28.571428
imu 98619 -0.031697 -0.005657 -0.709373
encoder 98666 0.051373 0.002569 0.000628 -28.571428 29.142857
imu 98669 0.002483 -0.004436 1.534901
encoder 98716 0.050864 0.002569 0.001884 -28.000000 29.142857
imu 98719 0.002483 -0.037883 3.641772
encoder 98766 0.050864 0.002569 0.000628 -28.571428 28.571428
imu 98769 -0.007771 -0.060344 4.282993
encoder 98816 0.050864 0.002543 0.001256 -28.000000 29.142857
imu 98819 -0.023152 0.032917 1.886046
encoder 98866 0.051373 0.002569 0.000628 -28.571428 29.142857
imu 98869 -0.075154 -0.056194 2.328794
encoder 98916 0.050355 0.002518 0.000628 -28.000000 28.571428
imu 98919 -0.043660 -0.039836 -1.472732
encoder 98966 0.051373 0.002569 0.001884 -28.000000 29.714285
imu 98969 0.045208 -0.014690 1.748642
encoder 99016 0.050355 0.002543 0.001256 -28.000000 28.571428
imu 99019 0.005657 -0.016643 1.718107
encoder 99066 0.050864 0.002569 0.000628 -28.000000 29.142857
imu 99069 -0.011433 -0.008342 0.099787
encoder 99116 0.050864 0.002543 0.001884 -28.000000 29.142857
imu 99119 -0.041951 -0.022258 -1.121587
encoder 99166 0.050355 0.002543 0.001256 -28.000000 28.571428
imu 99169 0.002483 -0.109416 -0.083419
encoder 99216 0.050864 0.002543 0.001256 -28.000000 29.142857
imu 99219 -0.015095 0.040974 0.237192
encoder 99266 0.051373 0.002569 0.000628 -28.571428 29.142857
imu 99269 0.027629 -0.028606 1.321161
encoder 99316 0.050355 0.002518 0.000628 -28.000000 28.571428
imu 99319 0.025920 0.035115 2.695207
encoder 99366 0.050864 0.002543 0.001256 -28.000000 29.142857
imu 99369 0.078411 -0.005413 -1.350595
encoder 99416 0.050864 0.002543 0.001256 -28.000000 29.142857
imu 99419 -0.071980 -0.028118 1.000550
encoder 99466 0.050864 0.002569 0.000628 -28.000000 29.142857
imu 99469 -0.059041 -0.037639 -4.052885
encoder 99516 0.050864 0.002569 0.001884 -27.428572 29.714285
imu 99519 0.163127 -0.007122 0.481466
encoder 99566 0.050864 0.002543 0.001256 -28.000000 29.142857
imu 99569 0.000530 0.012410 -0.388762
encoder 99616 0.051373 0.002569 0.000628 -28.571428 29.142857
imu 99619 0.106731 0.015339 3.428031
encoder 99666 0.050864 0.002543 0.001256 -28.000000 29.142857
imu 99669 0.102092 0.103962 1.397497
encoder 99716 0.051373 0.002569 0.000628 -28.571428 29.142857
imu 99719 0.060588 -0.042766 0.908947
encoder 99766 0.050864 0.002569 0.000628 -28.000000 29.142857
imu 99769 -0.019978 -0.004680 6.771543
encoder 99816 0.050864 0.002543 0.001256 -28.000000 29.142857
imu 99819 0.089397 -0.020061 -2.144488
encoder 99866 0.050355 0.002569 0.000628 -28.000000 28.571428
imu 99869 -0.099812 -0.022502 0.496733
encoder 99916 0.050864 0.002543 0.001256 -28.000000 29.142857
imu 99919 -0.008992 0.016072 5.886046
encoder 99966 0.050355 0.002543 0.001256 -28.000000 28.571428
imu 99969 0.097698 0.006306 0.466199
encoder 100016 0.051373 0.002569 0.000628 -28.571428 29.142857
imu 100019 -0.084431 0.012898 -1.930748
encoder 100066 0.050864 0.002543 0.001256 -28.000000 29.142857
imu 100069 -0.076619 -0.043254 2.634138
encoder 100116 0.050864 0.002543 0.000628 -28.000000 29.142857
imu 100119 0.034465 -0.016399 1.473833
encoder 100166 0.050864 0.002543 0.001256 -28.000000 29.142857
imu 100169 0.013958 -0.060344 -0.297160
encoder 100216 0.051373 0.002569 0.001256 -28.571428 29.142857
imu 100219 -0.123494 -0.063518 0.252459
encoder 100266 0.050864 0.002543 0.001256 -28.000000 29.142857
imu 100269 -0.011921 -0.055950 0.954749
encoder 100316 0.050355 0.002569 0.000628 -28.000000 28.571428
imu 100319 -0.020710 -0.006145 0.802077
encoder 100366 0.050864 0.002543 0.001256 -28.000000 29.142857
imu 100369 -0.029011 0.075886 1.321161
encoder 100416 0.050355 0.002543 0.001256 -28.000000 28.571428
imu 100419 -0.103474 -0.004680 -0.144488
encoder 100466 0.050355 0.002543 0.000628 -28.000000 28.571428
imu 100469 -0.001912 -0.055217 -0.633038
encoder 100516 0.050355 0.002518 0.001256 -28.000000 28.571428
imu 100519 0.077190 -0.044231 2.695207
encoder 100566 0.050864 0.002543 0.000628 -28.000000 29.142857
imu 100569 0.003459 0.040242 4.512001
encoder 100616 0.050355 0.002543 0.001256 -27.428572 29.142857
imu 100619 0.054729 -0.035442 3.718108
encoder 100666 0.050864 0.002543 0.001256 -28.000000 29.142857
imu 100669 0.179973 0.011189 2.298260
encoder 100716 0.050864 0.002594 0.001256 -28.000000 29.142857
imu 100719 -0.037556 0.031697 3.657039
encoder 100766 0.050355 0.002518 0.000628 -28.000000 28.571428
imu 100769 0.043499 -0.040081 3.534901
encoder 100816 0.051373 0.002569 0.001884 -28.000000 29.714285
imu 100819 0.079631 -0.071819 1.580703
encoder 100866 0.050864 0.002569 0.000628 -28.571428 28.571428
imu 100869 -0.001912 0.006306 0.496733
encoder 100916 0.050864 0.002543 0.001256 -28.000000 29.142857
imu 100919 0.024211 0.069539 0.832611
encoder 100966 0.049847 0.002492 0.001256 -27.428572 28.571428
imu 100969 -0.056599 0.042683 0.344062
encoder 101016 0.050355 0.002543 0.001256 -28.000000 28.571428
imu 101019 -0.068562 -0.055217 -3.243724
encoder 101066 0.050355 0.002518 0.000000 -28.000000 28.571428
imu 101069 0.151653 0.001423 4.008184
encoder 101116 0.050355 0.002518 0.001884 -27.428572 29.142857
imu 101119 0.017375 -0.039836 -0.541434
encoder 101166 0.050864 0.002569 0.000628 -28.000000 29.142857
imu 101169 0.004192 0.047322 0.542535
encoder 101216 0.050355 0.002543 0.001256 -27.428572 29.142857
imu 101219 -0.060017 0.051960 4.328794
encoder 101266 0.050864 0.002543 0.001256 -28.000000 29.142857
imu 101269 -0.016072 -0.038372 -2.404030
encoder 101316 0.051373 0.002594 0.001256 -28.000000 29.714285
imu 101319 0.013469 0.052693 0.725741
encoder 101366 0.050864 0.002543 0.001256 -28.000000 29.142857
imu 101369 0.012493 -0.078166 3.015818
encoder 101416 0.050864 0.002543 0.001256 -28.000000 29.142857
imu 101419 0.108684 -0.021282 -4.037617
encoder 101466 0.050355 0.002543 0.001256 -28.000000 28.571428
imu 101469 0.025920 -0.007366 -1.625404
encoder 101516 0.050864 0.002569 0.000628 -28.000000 29.142857
imu 101519 0.134075 0.034138 6.160856
encoder 101566 0.050864 0.002543 0.001256 -28.000000 29.142857
imu 101569 -0.029255 0.021443 5.763909
encoder 101616 0.050864 0.002543 0.001256 -28.000000 29.142857
imu 101619 0.043743 0.032917 -0.465098
encoder 101666 0.050864 0.002569 0.000628 -28.000000 29.142857
imu 101669 0.049602 0.026570 7.229558
encoder 101716 0.050864 0.002543 0.001256 -28.000000 29.142857
imu 101719 -0.064167 0.077595 5.046352
encoder 101766 0.050355 0.002543 0.001256 -28.000000 28.571428
imu 101769 0.065959 -0.045696 -1.625404
encoder 101816 0.050355 0.002518 0.000628 -28.000000 28.571428
imu 101819 -0.086873 0.019490 0.908947
encoder 101866 0.050355 0.002543 0.001256 -28.000000 28.571428
imu 101869 0.003215 0.040242 1.657039
encoder 101916 0.050355 0.002518 0.000628 -28.000000 28.571428
imu 101919 0.096965 -0.052288 -4.709373
encoder 101966 0.050355 0.002518 0.000000 -28.000000 28.571428
imu 101969 -0.000935 0.049031 4.176123
encoder 102016 0.049847 0.002492 0.001256 -27.428572 28.571428
imu 102019 -0.048054 -0.043010 1.702840
encoder 102066 0.050355 0.002569 0.000628 -28.000000 28.571428
imu 102069 0.122600 -0.019329 -2.831511
encoder 102116 0.049847 0.002518 0.000628 -27.428572 28.571428
imu 102119 -0.007283 0.023884 5.321161
encoder 102166 0.050864 0.002543 0.001256 -28.000000 29.142857
imu 102169 0.038372 -0.021526 2.359329
encoder 102216 0.050864 0.002543 0.001256 -28.000000 29.142857
imu 102219 0.126750 -0.037883 -3.014717
encoder 102266 0.050355 0.002543 0.001256 -28.000000 28.571428
imu 102269 0.022502 -0.055706 -1.396396
encoder 102316 0.051373 0.002569 0.000628 -28.571428 29.142857
imu 102319 0.050090 -0.048870 1.153222
encoder 102366 0.050355 0.002518 0.000628 -28.000000 28.571428
imu 102369 -0.049031 0.062947 -4.495633
encoder 102416 0.050355 0.002543 0.001256 -28.000000 28.571428
imu 102419 0.004192 -0.030071 0.496733
encoder 102466 0.050355 0.002518 0.000628 -28.000000 28.571428
imu 102469 -0.039998 -0.041057 1.244825
encoder 102516 0.049847 0.002492 0.001256 -27.428572 28.571428
imu 102519 0.040569 0.009724 -1.717007
encoder 102566 0.050355 0.002518 0.000628 -28.000000 28.571428
imu 102569 -0.021199 -0.079631 1.977649
encoder 102616 0.050864 0.002569 0.000628 -28.000000 29.142857
imu 102619 0.003948 0.025105 -1.487999
encoder 102666 0.050864 0.002543 0.001256 -28.000000 29.142857
imu 102669 0.021770 0.008259 0.191390
encoder 102716 0.050864 0.002543 0.001256 -28.000000 29.142857
imu 102719 -0.042683 0.009236 -0.510900
encoder 102766 0.050864 0.002543 0.001256 -28.000000 29.142857
imu 102769 0.022014 -0.032756 2.908947
encoder 102816 0.001017 0.002569 0.000628 -28.000000 29.142857
imu 102819 -0.081990 -0.062053 2.237191
encoder 102866 0.001526 0.002162 0.001884 -23.428572 25.142857
imu 102869 -0.052693 0.006062 4.008184
encoder 102916 0.002035 0.001373 0.002512 -14.285714 16.571428
imu 102919 -0.008015 0.015095 5.382230
encoder 102966 0.002543 0.000585 0.003140 -5.142857 8.000000
imu 102969 -0.042195 -0.010051 6.008184
encoder 103016 0.001017 0.000051 0.001256 0.000000 1.142857
imu 103019 0.014446 -0.006633 0.191390
encoder 103066 -0.000509 0.000025 0.000628 0.000000 -0.571429
imu 103069 0.019329 -0.006389 -0.037618
encoder 103116 0.000000 0.000000 0.000000 0.000000 0.000000
imu 103119 0.016887 -0.007610 0.115054
encoder 103166 0.000000 0.000000 0.000000 0.000000 0.000000
imu 103169 0.012249 -0.013713 0.023451
encoder 103216 0.000000 0.000000 0.000000 0.000000 0.000000
imu 103219 0.012004 -0.012981 -0.068152
encoder 103266 0.000000 0.000000 0.000000 0.000000 0.000000
imu 103269 0.012249 -0.011028 -0.175022
encoder 103316 0.000000 0.000000 0.000000 0.000000 0.000000
imu 103319 0.020061 -0.012249 -0.022350
encoder 103366 0.000000 0.000000 0.000000 0.000000 0.000000
imu 103369 0.015911 -0.012249 -0.052885
encoder 103416 0.000000 0.000000 0.000000 0.000000 0.000000
imu 103419 0.016155 -0.008098 -0.007083
encoder 103466 0.000000 0.000000 0.000000 0.000000 0.000000
imu 103469 0.012981 -0.009807 -0.052885
encoder 103516 0.000000 0.000000 0.000000 0.000000 0.000000
imu 103519 0.016399 -0.004436 -0.144488
encoder 103566 0.000000 0.000000 0.000000 0.000000 0.000000
imu 103569 0.017375 -0.006145 0.084520
encoder 103616 0.000000 0.000000 0.000000 0.000000 0.000000
imu 103619 0.018596 -0.011760 0.069252
encoder 103666 0.000000 0.000000 0.000000 0.000000 0.000000
imu 103669 0.019817 -0.010784 -0.175022
encoder 103716 0.000000 0.000000 0.000000 0.000000 0.000000
imu 103719 0.009807 -0.009563 -0.037618
encoder 103766 0.000000 0.000000 0.000000 0.000000 0.000000
imu 103769 0.013225 -0.014934 -0.022350
encoder 103816 0.000000 0.000000 0.000000 0.000000 0.000000
imu 103819 0.016155 -0.011516 0.145588
encoder 103866 0.000000 0.000000 0.000000 0.000000 0.000000
imu 103869 0.005413 -0.012493 0.084520
encoder 103916 0.000000 0.000000 0.000000 0.000000 0.000000
imu 103919 0.007366 -0.012493 0.145588
encoder 103966 0.000000 0.000000 0.000000 0.000000 0.000000
imu 103969 0.009319 -0.009319 0.008184
encoder 104016 0.000000 0.000000 0.000000 0.000000 0.000000
imu 104019 0.013958 -0.011760 -0.068152
encoder 104067 0.000000 0.000000 0.000000 0.000000 0.000000
imu 104069 0.018840 -0.012493 0.008184
encoder 104116 0.000000 0.000000 0.000000 0.000000 0.000000
imu 104119 0.013713 -0.011760 -0.007083
encoder 104166 0.000000 0.000000 0.000000 0.000000 0.000000
imu 104169 0.009319 -0.015178 -0.113954
encoder 104216 0.000000 0.000000 0.000000 0.000000 0.000000
imu 104219 0.011272 -0.012493 -0.236091
encoder 104266 0.000000 0.000000 0.000000 0.000000 0.000000
imu 104269 0.017620 -0.006877 -0.144488
encoder 104316 0.000000 0.000000 0.000000 0.000000 0.000000
imu 104319 0.010295 -0.010295 0.145588
encoder 104366 0.000000 0.000000 0.000000 0.000000 0.000000
imu 104369 0.007854 -0.010540 0.038718
encoder 104416 0.000000 0.000000 0.000000 0.000000 0.000000
imu 104419 0.014934 -0.008342 -0.068152
encoder 104466 0.000000 0.000000 0.000000 0.000000 0.000000
imu 104469 0.014690 -0.013469 -0.098686
encoder 104516 0.000000 0.000000 0.000000 0.000000 0.000000
imu 104519 0.005901 -0.006877 -0.083419
encoder 104566 0.000000 0.000000 0.000000 0.000000 0.000000
imu 104569 0.013225 -0.004436 0.069252
encoder 104616 0.000000 0.000000 0.000000 0.000000 0.000000
imu 104619 0.011760 -0.011028 0.115054
encoder 104666 0.000000 0.000000 0.000000 0.000000 0.000000
imu 104669 0.018596 -0.006633 -0.052885
encoder 104716 0.000000 0.000000 0.000000 0.000000 0.000000
imu 104719 0.015422 -0.013713 -0.083419
